BG_V	BG_I
0	-3.2698E-11
0.1	-1.866E-11
0.2	-9.044E-12
0.3	-3.42E-13
0.4	5.41E-12
0.5	1.2146E-11
0.6	2.0548E-11
0.7	2.273E-11
0.8	2.6756E-11
0.9	3.1096E-11
1	3.3984E-11
1.1	3.6834E-11
1.2	4.4054E-11
1.3	4.441E-11
1.4	4.9042E-11
1.5	4.9608E-11
1.6	5.3682E-11
1.7	5.7618E-11
1.8	6.3236E-11
1.9	6.8738E-11
2	9.0458E-11
2.1	7.9784E-11
2.2	8.2334E-11
2.3	9.644E-11
2.4	9.518E-11
2.5	9.4146E-11
2.6	9.257E-11
2.7	1.11238E-10
2.8	1.16192E-10
2.9	1.16468E-10
3	1.09416E-10
3.1	1.25032E-10
3.2	1.41744E-10
3.3	1.24856E-10
3.4	1.2796E-10
3.5	1.52026E-10
3.6	1.2885E-10
3.7	1.47184E-10
3.8	1.44114E-10
3.9	1.56848E-10
4	1.51684E-10
4.1	1.54174E-10
4.2	1.37496E-10
4.3	1.49008E-10
4.4	1.52534E-10
4.5	1.93342E-10
4.6	1.8056E-10
4.7	1.73554E-10
4.8	1.77592E-10
4.9	1.8362E-10
5	1.8752E-10
5.1	1.8893E-10
5.2	1.93396E-10
5.3	1.94252E-10
5.4	1.9738E-10
5.5	2.07318E-10
5.6	2.0905E-10
5.7	2.09628E-10
5.8	2.12048E-10
5.9	2.13518E-10
6	2.17154E-10
6.1	2.19056E-10
6.2	2.22692E-10
6.3	2.21342E-10
6.4	2.31806E-10
6.5	2.2827E-10
6.6	2.31558E-10
6.7	2.40562E-10
6.8	2.38262E-10
6.9	2.42232E-10
7	2.43368E-10
7.1	2.49842E-10
7.2	2.53326E-10
7.3	2.64276E-10
7.4	2.59606E-10
7.5	2.65416E-10
7.6	2.64414E-10
7.7	2.66986E-10
7.8	2.72576E-10
7.9	2.73412E-10
8	2.72834E-10
8.1	2.85526E-10
8.2	2.82E-10
8.3	2.87868E-10
8.4	2.86904E-10
8.5	2.92734E-10
8.6	3.04396E-10
8.7	3.00776E-10
8.8	2.99562E-10
8.9	3.07924E-10
9	3.0939E-10
9.1	3.08824E-10
9.2	3.11144E-10
9.3	3.1265E-10
9.4	3.22812E-10
9.5	3.19146E-10
9.6	3.20194E-10
9.7	3.24382E-10
9.8	3.30496E-10
9.9	3.31864E-10
10	3.42992E-10
10.1	3.43288E-10
10.2	3.39938E-10
10.3	3.49194E-10
10.4	3.40136E-10
10.5	3.45918E-10
10.6	3.59824E-10
10.7	3.67448E-10
10.8	3.80932E-10
10.9	3.6113E-10
11	3.62026E-10
11.1	3.65246E-10
11.2	3.68876E-10
11.3	3.78504E-10
11.4	3.81166E-10
11.5	3.75752E-10
11.6	3.80628E-10
11.7	3.7302E-10
11.8	3.6761E-10
11.9	3.94372E-10
12	3.89286E-10
12.1	3.91642E-10
12.2	3.93336E-10
12.3	4.0136E-10
12.4	4.08452E-10
12.5	4.10648E-10
12.6	4.09322E-10
12.7	5.40716E-10
12.8	5.09148E-10
12.9	5.23638E-10
13	5.08818E-10
13.1	4.88936E-10
13.2	4.9478E-10
13.3	4.96102E-10
13.4	4.85964E-10
13.5	4.8432E-10
13.6	4.88714E-10
13.7	5.11352E-10
13.8	4.99664E-10
13.9	5.10022E-10
14	5.18706E-10
14.1	5.07678E-10
14.2	5.20404E-10
14.3	5.07078E-10
14.4	5.18526E-10
14.5	5.29238E-10
14.6	5.15904E-10
14.7	5.29588E-10
14.8	5.32224E-10
14.9	5.27404E-10
15	5.36052E-10
15.1	5.3258E-10
15.2	5.32034E-10
15.3	5.41232E-10
15.4	5.42148E-10
15.5	5.60936E-10
15.6	5.5558E-10
15.7	5.58276E-10
15.8	5.55928E-10
15.9	5.71732E-10
16	5.628E-10
16.1	5.6889E-10
16.2	5.69364E-10
16.3	5.76534E-10
16.4	5.7619E-10
16.5	5.70316E-10
16.6	5.86196E-10
16.7	5.87852E-10
16.8	5.73774E-10
16.9	5.7221E-10
17	5.95196E-10
17.1	5.95292E-10
17.2	6.0129E-10
17.3	5.98596E-10
17.4	6.08652E-10
17.5	6.0709E-10
17.6	6.12192E-10
17.7	6.07688E-10
17.8	6.24158E-10
17.9	6.24494E-10
18	6.29398E-10
18.1	6.30932E-10
18.2	6.30802E-10
18.3	6.34948E-10
18.4	6.27542E-10
18.5	6.3466E-10
18.6	6.47996E-10
18.7	6.48242E-10
18.8	6.56274E-10
18.9	6.61862E-10
19	6.7345E-10
19.1	6.6522E-10
19.2	6.63492E-10
19.3	6.74258E-10
19.4	6.73352E-10
19.5	6.68366E-10
19.6	6.68904E-10
19.7	6.76946E-10
19.8	6.5864E-10
19.9	6.72726E-10
20	6.74554E-10
20.1	6.95978E-10
20.2	6.78398E-10
20.3	6.95646E-10
20.4	6.8485E-10
20.5	6.7816E-10
20.6	6.86274E-10
20.7	6.92676E-10
20.8	7.03766E-10
20.9	7.14336E-10
21	7.12894E-10
21.1	7.14684E-10
21.2	7.18314E-10
21.3	7.01934E-10
21.4	7.23604E-10
21.5	7.06196E-10
21.6	7.02382E-10
21.7	7.1514E-10
21.8	7.38272E-10
21.9	7.44806E-10
22	7.21366E-10
22.1	7.04136E-10
22.2	6.82336E-10
22.3	7.07382E-10
22.4	7.17952E-10
22.5	6.67442E-10
22.6	7.22486E-10
22.7	7.1142E-10
22.8	7.5532E-10
22.9	7.41582E-10
23	7.37698E-10
23.1	7.39746E-10
23.2	7.44844E-10
23.3	7.4036E-10
23.4	7.52904E-10
23.5	7.68008E-10
23.6	7.77338E-10
23.7	7.41276E-10
23.8	7.52512E-10
23.9	7.49138E-10
24	7.68538E-10
24.1	7.58214E-10
24.2	7.85134E-10
24.3	8.12724E-10
24.4	7.67762E-10
24.5	7.81936E-10
24.6	8.27468E-10
24.7	8.88394E-10
24.8	7.85162E-10
24.9	8.56102E-10
25	9.57008E-10
25.1	8.0564E-10
25.2	7.92054E-10
25.3	8.00524E-10
25.4	8.15686E-10
25.5	8.3452E-10
25.6	9.23762E-10
25.7	8.20238E-10
25.8	8.31724E-10
25.9	8.22698E-10
26	8.19278E-10
26.1	8.4292E-10
26.2	8.1711E-10
26.3	8.29694E-10
26.4	8.36642E-10
26.5	8.45344E-10
26.6	8.43126E-10
26.7	8.19918E-10
26.8	8.08666E-10
26.9	8.49634E-10
27	8.56546E-10
27.1	8.72926E-10
27.2	8.55094E-10
27.3	8.67236E-10
27.4	8.67782E-10
27.5	8.77122E-10
27.6	8.78636E-10
27.7	8.66242E-10
27.8	8.50926E-10
27.9	9.00656E-10
28	8.42014E-10
28.1	9.25496E-10
28.2	8.73854E-10
28.3	8.62572E-10
28.4	9.00628E-10
28.5	8.9664E-10
28.6	9.2503E-10
28.7	9.3848E-10
28.8	9.13756E-10
28.9	9.05736E-10
29	8.8393E-10
29.1	9.19078E-10
29.2	8.9043E-10
29.3	9.45692E-10
29.4	9.33514E-10
29.5	9.25376E-10
29.6	9.5632E-10
29.7	9.42332E-10
29.8	9.53288E-10
29.9	9.37584E-10
30	9.48454E-10
30.1	9.35976E-10
30.2	9.55692E-10
30.3	9.6458E-10
30.4	9.58216E-10
30.5	9.5252E-10
30.6	9.66056E-10
30.7	9.74176E-10
30.8	9.8392E-10
30.9	9.94598E-10
31	9.9108E-10
31.1	1.00928E-09
31.2	1.00356E-09
31.3	1.02168E-09
31.4	1.01894E-09
31.5	1.0108E-09
31.6	1.0465E-09
31.7	9.9922E-10
31.8	1.03764E-09
31.9	1.06596E-09
32	1.034E-09
32.1	1.04638E-09
32.2	1.0322E-09
32.3	1.02216E-09
32.4	1.0686E-09
32.5	1.02958E-09
32.6	1.06716E-09
32.7	1.06106E-09
32.8	1.05816E-09
32.9	1.06288E-09
33	1.06492E-09
33.1	1.09546E-09
33.2	1.10752E-09
33.3	1.05964E-09
33.4	1.08892E-09
33.5	1.0837E-09
33.6	1.15936E-09
33.7	1.08282E-09
33.8	1.11518E-09
33.9	1.09752E-09
34	1.12126E-09
34.1	1.12392E-09
34.2	1.11274E-09
34.3	1.13442E-09
34.4	1.14028E-09
34.5	1.16472E-09
34.6	1.12864E-09
34.7	1.17346E-09
34.8	1.1226E-09
34.9	1.12176E-09
35	1.14008E-09
35.1	1.14748E-09
35.2	1.15422E-09
35.3	1.13582E-09
35.4	1.17394E-09
35.5	1.1676E-09
35.6	1.175E-09
35.7	1.19304E-09
35.8	1.21604E-09
35.9	1.2224E-09
36	1.20548E-09
36.1	1.19818E-09
36.2	1.29742E-09
36.3	1.20204E-09
36.4	1.27682E-09
36.5	1.21146E-09
36.6	1.22866E-09
36.7	1.2189E-09
36.8	1.21292E-09
36.9	1.19748E-09
37	1.2835E-09
37.1	1.25132E-09
37.2	1.23564E-09
37.3	1.26066E-09
37.4	1.22288E-09
37.5	1.26976E-09
37.6	1.28342E-09
37.7	1.25578E-09
37.8	1.25672E-09
37.9	1.32372E-09
38	1.25976E-09
38.1	1.2877E-09
38.2	1.29402E-09
38.3	1.2739E-09
38.4	1.29308E-09
38.5	1.30108E-09
38.6	1.29628E-09
38.7	1.30372E-09
38.8	1.34874E-09
38.9	1.33666E-09
39	1.32008E-09
39.1	1.29346E-09
39.2	1.34794E-09
39.3	1.29664E-09
39.4	1.34042E-09
39.5	1.37532E-09
39.6	1.35258E-09
39.7	1.3596E-09
39.8	1.35262E-09
39.9	1.345E-09
40	1.36462E-09
40.1	1.3491E-09
40.2	1.4202E-09
40.3	1.3662E-09
40.4	1.35978E-09
40.5	1.36582E-09
40.6	1.36428E-09
40.7	1.37376E-09
40.8	1.34564E-09
40.9	1.34174E-09
41	1.3937E-09
41.1	1.41918E-09
41.2	1.37518E-09
41.3	1.30942E-09
41.4	1.4402E-09
41.5	1.39372E-09
41.6	1.45532E-09
41.7	1.4408E-09
41.8	1.41926E-09
41.9	1.4276E-09
42	1.47286E-09
42.1	1.4061E-09
42.2	1.41354E-09
42.3	1.46516E-09
42.4	1.41972E-09
42.5	1.415E-09
42.6	1.45536E-09
42.7	1.45474E-09
42.8	1.40522E-09
42.9	1.32742E-09
43	1.36578E-09
43.1	1.47164E-09
43.2	1.4367E-09
43.3	1.46744E-09
43.4	1.448E-09
43.5	1.46502E-09
43.6	1.484E-09
43.7	1.4688E-09
43.8	1.45928E-09
43.9	1.49578E-09
44	1.47114E-09
44.1	1.48404E-09
44.2	1.54236E-09
44.3	1.48304E-09
44.4	1.46882E-09
44.5	1.51372E-09
44.6	1.51006E-09
44.7	1.5494E-09
44.8	1.4649E-09
44.9	1.50706E-09
45	1.52194E-09
45.1	1.50588E-09
45.2	1.5136E-09
45.3	1.54326E-09
45.4	1.51294E-09
45.5	1.57526E-09
45.6	1.5411E-09
45.7	1.5394E-09
45.8	1.54772E-09
45.9	1.5444E-09
46	1.57576E-09
46.1	1.54806E-09
46.2	1.57134E-09
46.3	1.60194E-09
46.4	1.5577E-09
46.5	1.5719E-09
46.6	1.58768E-09
46.7	1.56168E-09
46.8	1.60086E-09
46.9	1.62316E-09
47	1.57458E-09
47.1	1.59108E-09
47.2	1.59008E-09
47.3	1.61006E-09
47.4	1.59218E-09
47.5	1.60858E-09
47.6	1.607E-09
47.7	1.62268E-09
47.8	1.6295E-09
47.9	1.65922E-09
48	1.63376E-09
48.1	1.64464E-09
48.2	1.6208E-09
48.3	1.63618E-09
48.4	1.65786E-09
48.5	1.65472E-09
48.6	1.64992E-09
48.7	1.65918E-09
48.8	1.61786E-09
48.9	1.63516E-09
49	1.64314E-09
49.1	1.64978E-09
49.2	1.65312E-09
49.3	1.6922E-09
49.4	1.70554E-09
49.5	1.69696E-09
49.6	1.73676E-09
49.7	1.6715E-09
49.8	1.719E-09
49.9	1.67866E-09
50	1.6758E-09
50.1	1.723E-09
50.2	1.66026E-09
50.3	1.68948E-09
50.4	1.69418E-09
50.5	1.69476E-09
50.6	1.78896E-09
50.7	1.69392E-09
50.8	1.71824E-09
50.9	1.72616E-09
51	1.7396E-09
51.1	1.76112E-09
51.2	1.75456E-09
51.3	1.69768E-09
51.4	1.75332E-09
51.5	1.76162E-09
51.6	1.7402E-09
51.7	1.72966E-09
51.8	1.77042E-09
51.9	1.8012E-09
52	1.75322E-09
52.1	1.80358E-09
52.2	1.76218E-09
52.3	1.75964E-09
52.4	1.77468E-09
52.5	1.7896E-09
52.6	1.78642E-09
52.7	1.74726E-09
52.8	1.91678E-09
52.9	1.7909E-09
53	1.80158E-09
53.1	1.79504E-09
53.2	1.80524E-09
53.3	1.76046E-09
53.4	1.79116E-09
53.5	1.81046E-09
53.6	1.80764E-09
53.7	1.8012E-09
53.8	1.87162E-09
53.9	1.81156E-09
54	1.84486E-09
54.1	1.83454E-09
54.2	1.84282E-09
54.3	1.8124E-09
54.4	1.83514E-09
54.5	1.84998E-09
54.6	1.8684E-09
54.7	1.84638E-09
54.8	1.85772E-09
54.9	1.8751E-09
55	1.87848E-09
55.1	1.8756E-09
55.2	1.85878E-09
55.3	1.88474E-09
55.4	1.91838E-09
55.5	1.89642E-09
55.6	1.85456E-09
55.7	1.87676E-09
55.8	1.89596E-09
55.9	1.90092E-09
56	1.90904E-09
56.1	1.87412E-09
56.2	1.90926E-09
56.3	1.90418E-09
56.4	1.83932E-09
56.5	1.927E-09
56.6	1.88916E-09
56.7	1.966E-09
56.8	1.87818E-09
56.9	1.93554E-09
57	1.9953E-09
57.1	1.9454E-09
57.2	1.9266E-09
57.3	1.94388E-09
57.4	1.94302E-09
57.5	1.95418E-09
57.6	1.95054E-09
57.7	1.9524E-09
57.8	1.99442E-09
57.9	1.95216E-09
58	1.95918E-09
58.1	1.98792E-09
58.2	1.9557E-09
58.3	1.98532E-09
58.4	1.98774E-09
58.5	1.97262E-09
58.6	1.98042E-09
58.7	1.95586E-09
58.8	1.98226E-09
58.9	1.98692E-09
59	2.00746E-09
59.1	1.92524E-09
59.2	1.9871E-09
59.3	2.04458E-09
59.4	2.0118E-09
59.5	2.00896E-09
59.6	2.00136E-09
59.7	2.0231E-09
59.8	2.02682E-09
59.9	2.04146E-09
60	2.02904E-09
60.1	2.02972E-09
60.2	2.03648E-09
60.3	2.03066E-09
60.4	2.07288E-09
60.5	2.03972E-09
60.6	2.04152E-09
60.7	2.07192E-09
60.8	2.05444E-09
60.9	2.07886E-09
61	2.05728E-09
61.1	2.0678E-09
61.2	2.06302E-09
61.3	2.08882E-09
61.4	2.0643E-09
61.5	2.10006E-09
61.6	2.0971E-09
61.7	2.1063E-09
61.8	2.12092E-09
61.9	2.1062E-09
62	2.1083E-09
62.1	2.11102E-09
62.2	2.10686E-09
62.3	2.12984E-09
62.4	2.1143E-09
62.5	2.112E-09
62.6	2.14654E-09
62.7	2.14644E-09
62.8	2.20846E-09
62.9	2.14678E-09
63	2.07516E-09
63.1	2.13082E-09
63.2	2.1351E-09
63.3	2.14876E-09
63.4	2.14922E-09
63.5	2.15506E-09
63.6	2.16302E-09
63.7	2.17498E-09
63.8	2.17528E-09
63.9	2.21534E-09
64	2.2091E-09
64.1	2.15674E-09
64.2	2.17906E-09
64.3	2.17378E-09
64.4	2.1783E-09
64.5	2.20502E-09
64.6	2.16424E-09
64.7	2.22234E-09
64.8	2.22382E-09
64.9	2.2043E-09
65	2.19696E-09
65.1	2.26618E-09
65.2	2.2205E-09
65.3	2.24798E-09
65.4	2.21684E-09
65.5	2.23066E-09
65.6	2.3283E-09
65.7	2.24386E-09
65.8	2.25954E-09
65.9	2.25966E-09
66	2.26478E-09
66.1	2.26828E-09
66.2	2.23434E-09
66.3	2.23116E-09
66.4	2.23678E-09
66.5	2.26182E-09
66.6	2.29486E-09
66.7	2.25274E-09
66.8	2.29884E-09
66.9	2.28174E-09
67	2.284E-09
67.1	2.29716E-09
67.2	2.2724E-09
67.3	2.31868E-09
67.4	2.29222E-09
67.5	2.30216E-09
67.6	2.2884E-09
67.7	2.32148E-09
67.8	2.30796E-09
67.9	2.35172E-09
68	2.32762E-09
68.1	2.30728E-09
68.2	2.3315E-09
68.3	2.34386E-09
68.4	2.3356E-09
68.5	2.32768E-09
68.6	2.32464E-09
68.7	2.34554E-09
68.8	2.32814E-09
68.9	2.38006E-09
69	2.33822E-09
69.1	2.38218E-09
69.2	2.33984E-09
69.3	2.31672E-09
69.4	2.37492E-09
69.5	2.39026E-09
69.6	2.33188E-09
69.7	2.3653E-09
69.8	2.37846E-09
69.9	2.38682E-09
70	2.40458E-09
70.1	2.3951E-09
70.2	2.40372E-09
70.3	2.4016E-09
70.4	2.46608E-09
70.5	2.40044E-09
70.6	2.36528E-09
70.7	2.40402E-09
70.8	2.41154E-09
70.9	2.38162E-09
71	2.40564E-09
71.1	2.4228E-09
71.2	2.41198E-09
71.3	2.44114E-09
71.4	2.42646E-09
71.5	2.44432E-09
71.6	2.4871E-09
71.7	2.39614E-09
71.8	2.41236E-09
71.9	2.4565E-09
72	2.4586E-09
72.1	2.46096E-09
72.2	2.46422E-09
72.3	2.4569E-09
72.4	2.48496E-09
72.5	2.4674E-09
72.6	2.48544E-09
72.7	2.47246E-09
72.8	2.47254E-09
72.9	2.46048E-09
73	2.53888E-09
73.1	2.50878E-09
73.2	2.52578E-09
73.3	2.52794E-09
73.4	2.49042E-09
73.5	2.5E-09
73.6	2.49126E-09
73.7	2.51036E-09
73.8	2.51192E-09
73.9	2.52824E-09
74	2.55432E-09
74.1	2.51924E-09
74.2	2.51464E-09
74.3	2.5381E-09
74.4	2.55424E-09
74.5	2.55018E-09
74.6	2.538E-09
74.7	2.54546E-09
74.8	2.5826E-09
74.9	2.56724E-09
75	2.5462E-09
75.1	2.52988E-09
75.2	2.58058E-09
75.3	2.5816E-09
75.4	2.58172E-09
75.5	2.58118E-09
75.6	2.56334E-09
75.7	2.56798E-09
75.8	2.5788E-09
75.9	2.61626E-09
76	2.59038E-09
76.1	2.58024E-09
76.2	2.59894E-09
76.3	2.5921E-09
76.4	2.59964E-09
76.5	2.61066E-09
76.6	2.6005E-09
76.7	2.60476E-09
76.8	2.62484E-09
76.9	2.58332E-09
77	2.64082E-09
77.1	2.5971E-09
77.2	2.6243E-09
77.3	2.6595E-09
77.4	2.64838E-09
77.5	2.6434E-09
77.6	2.64556E-09
77.7	2.67188E-09
77.8	2.64356E-09
77.9	2.6355E-09
78	2.64488E-09
78.1	2.6478E-09
78.2	2.6736E-09
78.3	2.70166E-09
78.4	2.68264E-09
78.5	2.67748E-09
78.6	2.66436E-09
78.7	2.69422E-09
78.8	2.65918E-09
78.9	2.6999E-09
79	2.69458E-09
79.1	2.68008E-09
79.2	2.71972E-09
79.3	2.74008E-09
79.4	2.70936E-09
79.5	2.7295E-09
79.6	2.73466E-09
79.7	2.67924E-09
79.8	2.64828E-09
79.9	2.66788E-09
80	2.727E-09
80.1	2.71478E-09
80.2	2.68566E-09
80.3	2.64086E-09
80.4	2.71578E-09
80.5	2.69246E-09
80.6	2.67192E-09
80.7	2.65964E-09
80.8	2.69212E-09
80.9	2.7015E-09
81	2.74576E-09
81.1	2.78976E-09
81.2	2.77062E-09
81.3	2.78808E-09
81.4	2.78502E-09
81.5	2.78678E-09
81.6	2.7852E-09
81.7	2.79548E-09
81.8	2.71564E-09
81.9	2.81466E-09
82	2.80744E-09
82.1	2.73524E-09
82.2	2.83496E-09
82.3	2.86484E-09
82.4	2.7739E-09
82.5	2.85004E-09
82.6	2.84834E-09
82.7	2.81708E-09
82.8	2.83278E-09
82.9	2.83198E-09
83	2.84518E-09
83.1	2.83356E-09
83.2	2.8445E-09
83.3	2.8706E-09
83.4	2.83836E-09
83.5	2.8241E-09
83.6	2.87006E-09
83.7	2.82864E-09
83.8	2.85282E-09
83.9	2.88076E-09
84	2.87122E-09
84.1	2.89126E-09
84.2	2.89714E-09
84.3	2.8709E-09
84.4	2.8971E-09
84.5	2.88342E-09
84.6	2.926E-09
84.7	2.87134E-09
84.8	2.91738E-09
84.9	2.9474E-09
85	2.8723E-09
85.1	2.89674E-09
85.2	2.90278E-09
85.3	2.92456E-09
85.4	2.94628E-09
85.5	2.96968E-09
85.6	2.91866E-09
85.7	2.86996E-09
85.8	2.92622E-09
85.9	2.95754E-09
86	2.93794E-09
86.1	2.9454E-09
86.2	2.95336E-09
86.3	2.95374E-09
86.4	2.92444E-09
86.5	2.96114E-09
86.6	2.99366E-09
86.7	2.97082E-09
86.8	2.96112E-09
86.9	2.96634E-09
87	2.98354E-09
87.1	2.98264E-09
87.2	2.98788E-09
87.3	2.99282E-09
87.4	3.0238E-09
87.5	2.99398E-09
87.6	2.97796E-09
87.7	3.00814E-09
87.8	3.0333E-09
87.9	2.98778E-09
88	3.11658E-09
88.1	3.0583E-09
88.2	3.00562E-09
88.3	3.00354E-09
88.4	3.03416E-09
88.5	3.06074E-09
88.6	2.974E-09
88.7	3.02398E-09
88.8	3.09226E-09
88.9	3.18198E-09
89	3.0681E-09
89.1	2.97854E-09
89.2	3.08688E-09
89.3	3.098E-09
89.4	3.12046E-09
89.5	3.09028E-09
89.6	3.07926E-09
89.7	3.0871E-09
89.8	3.10708E-09
89.9	3.0931E-09
90	3.1015E-09
90.1	3.09294E-09
90.2	3.0718E-09
90.3	3.09524E-09
90.4	3.1117E-09
90.5	3.12322E-09
90.6	3.12022E-09
90.7	3.10802E-09
90.8	3.12252E-09
90.9	3.13194E-09
91	3.1481E-09
91.1	3.13656E-09
91.2	3.1207E-09
91.3	3.13178E-09
91.4	3.106E-09
91.5	3.15326E-09
91.6	3.15134E-09
91.7	3.16464E-09
91.8	3.16252E-09
91.9	3.16186E-09
92	3.18782E-09
92.1	3.16718E-09
92.2	3.18376E-09
92.3	3.17962E-09
92.4	3.19416E-09
92.5	3.21348E-09
92.6	3.2169E-09
92.7	3.22092E-09
92.8	3.22806E-09
92.9	3.23982E-09
93	3.23884E-09
93.1	3.21948E-09
93.2	3.22646E-09
93.3	3.19974E-09
93.4	3.24052E-09
93.5	3.24204E-09
93.6	3.26914E-09
93.7	3.2661E-09
93.8	3.25648E-09
93.9	3.25418E-09
94	3.29206E-09
94.1	3.28754E-09
94.2	3.29828E-09
94.3	3.27642E-09
94.4	3.30438E-09
94.5	3.28224E-09
94.6	3.40516E-09
94.7	3.28744E-09
94.8	3.31924E-09
94.9	3.2924E-09
95	3.32118E-09
95.1	3.3239E-09
95.2	3.3479E-09
95.3	3.34008E-09
95.4	3.34858E-09
95.5	3.32734E-09
95.6	3.39594E-09
95.7	3.3467E-09
95.8	3.41096E-09
95.9	3.39634E-09
96	3.32332E-09
96.1	3.3853E-09
96.2	3.3483E-09
96.3	3.36556E-09
96.4	3.3638E-09
96.5	3.36052E-09
96.6	3.41708E-09
96.7	3.37014E-09
96.8	3.40168E-09
96.9	3.37042E-09
97	3.3883E-09
97.1	3.38912E-09
97.2	3.4245E-09
97.3	3.4298E-09
97.4	3.40966E-09
97.5	3.41568E-09
97.6	3.42442E-09
97.7	3.44308E-09
97.8	3.45868E-09
97.9	3.43234E-09
98	3.45618E-09
98.1	3.42628E-09
98.2	3.51978E-09
98.3	3.6053E-09
98.4	3.7477E-09
98.5	3.82208E-09
98.6	3.78796E-09
98.7	3.68498E-09
98.8	3.69178E-09
98.9	3.80128E-09
99	3.9146E-09
99.1	3.83792E-09
99.2	3.83942E-09
99.3	3.80874E-09
99.4	3.9167E-09
99.5	3.98458E-09
99.6	3.8482E-09
99.7	3.85054E-09
99.8	3.90948E-09
99.9	3.91532E-09
100	3.90528E-09
