BG_V	BG_I
0	-2.7232E-11
0.1	-1.5134E-11
0.2	-4.066E-12
0.3	-2.082E-12
0.4	3.242E-12
0.5	6.796E-12
0.6	1.019E-11
0.7	1.4994E-11
0.8	1.7786E-11
0.9	2.2728E-11
1	2.5764E-11
1.1	2.8538E-11
1.2	3.2842E-11
1.3	3.4622E-11
1.4	3.8414E-11
1.5	4.1704E-11
1.6	4.434E-11
1.7	4.667E-11
1.8	4.9058E-11
1.9	5.0854E-11
2	5.3482E-11
2.1	5.567E-11
2.2	5.99E-11
2.3	6.106E-11
2.4	6.477E-11
2.5	6.5808E-11
2.6	7.0072E-11
2.7	7.1528E-11
2.8	7.4564E-11
2.9	7.6056E-11
3	7.789E-11
3.1	8.0072E-11
3.2	8.316E-11
3.3	8.4178E-11
3.4	8.588E-11
3.5	8.9616E-11
3.6	9.0722E-11
3.7	9.3366E-11
3.8	9.6662E-11
3.9	9.6796E-11
4	9.9788E-11
4.1	1.02484E-10
4.2	1.0237E-10
4.3	1.05482E-10
4.4	1.06774E-10
4.5	1.09862E-10
4.6	1.11396E-10
4.7	1.14842E-10
4.8	1.1575E-10
4.9	1.16802E-10
5	1.19996E-10
5.1	1.21558E-10
5.2	1.23692E-10
5.3	1.24632E-10
5.4	1.26558E-10
5.5	1.28378E-10
5.6	1.3067E-10
5.7	1.31098E-10
5.8	1.35684E-10
5.9	1.3599E-10
6	1.39324E-10
6.1	1.40992E-10
6.2	1.42728E-10
6.3	1.43562E-10
6.4	1.45412E-10
6.5	1.47172E-10
6.6	1.48094E-10
6.7	1.50004E-10
6.8	1.52296E-10
6.9	1.54226E-10
7	1.5777E-10
7.1	1.59046E-10
7.2	1.60706E-10
7.3	1.6141E-10
7.4	1.64588E-10
7.5	1.65512E-10
7.6	1.69186E-10
7.7	1.67898E-10
7.8	1.72356E-10
7.9	1.72102E-10
8	1.74408E-10
8.1	1.7651E-10
8.2	1.7922E-10
8.3	1.7788E-10
8.4	1.814E-10
8.5	1.83176E-10
8.6	1.84452E-10
8.7	1.84528E-10
8.8	1.875E-10
8.9	1.90006E-10
9	1.90752E-10
9.1	1.92728E-10
9.2	1.95416E-10
9.3	1.96706E-10
9.4	1.97462E-10
9.5	1.99584E-10
9.6	2.02658E-10
9.7	2.0267E-10
9.8	2.05132E-10
9.9	2.06682E-10
10	2.08644E-10
10.1	2.08864E-10
10.2	2.1176E-10
10.3	2.1459E-10
10.4	2.14494E-10
10.5	2.16264E-10
10.6	2.1803E-10
10.7	2.2025E-10
10.8	2.20752E-10
10.9	2.23178E-10
11	2.23846E-10
11.1	2.25344E-10
11.2	2.27198E-10
11.3	2.28192E-10
11.4	2.30514E-10
11.5	2.31826E-10
11.6	2.34008E-10
11.7	2.35248E-10
11.8	2.36806E-10
11.9	2.38106E-10
12	2.41208E-10
12.1	2.42946E-10
12.2	2.4528E-10
12.3	2.46688E-10
12.4	2.45982E-10
12.5	2.48474E-10
12.6	2.48636E-10
12.7	2.5052E-10
12.8	2.53536E-10
12.9	2.55092E-10
13	2.55068E-10
13.1	2.5797E-10
13.2	2.58824E-10
13.3	2.60916E-10
13.4	2.62254E-10
13.5	2.6552E-10
13.6	2.65892E-10
13.7	2.67682E-10
13.8	2.68926E-10
13.9	2.7091E-10
14	2.7242E-10
14.1	2.72916E-10
14.2	2.75398E-10
14.3	2.76342E-10
14.4	2.77984E-10
14.5	2.79824E-10
14.6	2.82758E-10
14.7	2.8253E-10
14.8	2.85312E-10
14.9	2.84632E-10
15	2.85992E-10
15.1	2.88612E-10
15.2	2.90074E-10
15.3	2.91582E-10
15.4	2.93032E-10
15.5	2.93372E-10
15.6	2.95918E-10
15.7	2.98598E-10
15.8	2.98862E-10
15.9	3.00686E-10
16	3.02086E-10
16.1	3.03704E-10
16.2	3.06008E-10
16.3	3.06972E-10
16.4	3.0749E-10
16.5	3.09178E-10
16.6	3.10626E-10
16.7	3.12678E-10
16.8	3.14298E-10
16.9	3.16328E-10
17	3.16706E-10
17.1	3.19374E-10
17.2	3.21096E-10
17.3	3.21344E-10
17.4	3.22266E-10
17.5	3.25238E-10
17.6	3.27464E-10
17.7	3.29264E-10
17.8	3.29206E-10
17.9	3.30114E-10
18	3.34446E-10
18.1	3.3346E-10
18.2	3.36572E-10
18.3	3.3788E-10
18.4	3.40756E-10
18.5	3.411E-10
18.6	3.4243E-10
18.7	3.41782E-10
18.8	3.43874E-10
18.9	3.45382E-10
19	3.47172E-10
19.1	3.48168E-10
19.2	3.50402E-10
19.3	3.51996E-10
19.4	3.51956E-10
19.5	3.55894E-10
19.6	3.5706E-10
19.7	3.5809E-10
19.8	3.59716E-10
19.9	3.60814E-10
20	3.6294E-10
20.1	3.63008E-10
20.2	3.66578E-10
20.3	3.67114E-10
20.4	3.68518E-10
20.5	3.70104E-10
20.6	3.71562E-10
20.7	3.73542E-10
20.8	3.7686E-10
20.9	3.77102E-10
21	3.76402E-10
21.1	3.78762E-10
21.2	3.7909E-10
21.3	3.8095E-10
21.4	3.8424E-10
21.5	3.8681E-10
21.6	3.85602E-10
21.7	3.87E-10
21.8	3.9116E-10
21.9	3.91004E-10
22	3.93376E-10
22.1	3.93632E-10
22.2	3.96756E-10
22.3	3.96502E-10
22.4	3.98218E-10
22.5	3.98274E-10
22.6	4.00754E-10
22.7	4.03118E-10
22.8	4.05324E-10
22.9	4.0444E-10
23	4.07632E-10
23.1	4.09054E-10
23.2	4.11026E-10
23.3	4.11764E-10
23.4	4.14346E-10
23.5	4.13748E-10
23.6	4.1517E-10
23.7	4.17146E-10
23.8	4.17652E-10
23.9	4.2015E-10
24	4.2011E-10
24.1	4.23456E-10
24.2	4.26444E-10
24.3	4.26006E-10
24.4	4.27804E-10
24.5	4.2997E-10
24.6	4.29372E-10
24.7	4.31466E-10
24.8	4.32832E-10
24.9	4.34236E-10
25	4.35364E-10
25.1	4.38062E-10
25.2	4.38462E-10
25.3	4.39934E-10
25.4	4.425E-10
25.5	4.4543E-10
25.6	4.46208E-10
25.7	4.47772E-10
25.8	4.50006E-10
25.9	4.4946E-10
26	4.51872E-10
26.1	4.53112E-10
26.2	4.55136E-10
26.3	4.5653E-10
26.4	4.5646E-10
26.5	4.57464E-10
26.6	4.59464E-10
26.7	4.6315E-10
26.8	4.63996E-10
26.9	4.65954E-10
27	4.66612E-10
27.1	4.69002E-10
27.2	4.68056E-10
27.3	4.71654E-10
27.4	4.70886E-10
27.5	4.74306E-10
27.6	4.73206E-10
27.7	4.7559E-10
27.8	4.7579E-10
27.9	4.7809E-10
28	4.79396E-10
28.1	4.81942E-10
28.2	4.82688E-10
28.3	4.8434E-10
28.4	4.86308E-10
28.5	4.87288E-10
28.6	4.90124E-10
28.7	4.9079E-10
28.8	4.92244E-10
28.9	4.95174E-10
29	4.93574E-10
29.1	4.9775E-10
29.2	4.99774E-10
29.3	5.00914E-10
29.4	5.0261E-10
29.5	5.03488E-10
29.6	5.05876E-10
29.7	5.05792E-10
29.8	5.0552E-10
29.9	5.07436E-10
30	5.08762E-10
30.1	5.10274E-10
30.2	5.11072E-10
30.3	5.1351E-10
30.4	5.15068E-10
30.5	5.19534E-10
30.6	5.19072E-10
30.7	5.20562E-10
30.8	5.21314E-10
30.9	5.21462E-10
31	5.2335E-10
31.1	5.23812E-10
31.2	5.28206E-10
31.3	5.2798E-10
31.4	5.30518E-10
31.5	5.30748E-10
31.6	5.33958E-10
31.7	5.34104E-10
31.8	5.36538E-10
31.9	5.3644E-10
32	5.37842E-10
32.1	5.39762E-10
32.2	5.4403E-10
32.3	5.42282E-10
32.4	5.44076E-10
32.5	5.46414E-10
32.6	5.47E-10
32.7	5.48276E-10
32.8	5.498E-10
32.9	5.52392E-10
33	5.53988E-10
33.1	5.54734E-10
33.2	5.57374E-10
33.3	5.57584E-10
33.4	5.58928E-10
33.5	5.60824E-10
33.6	5.61534E-10
33.7	5.62602E-10
33.8	5.65606E-10
33.9	5.65904E-10
34	5.68052E-10
34.1	5.68254E-10
34.2	5.7201E-10
34.3	5.73074E-10
34.4	5.73858E-10
34.5	5.74372E-10
34.6	5.74126E-10
34.7	5.77244E-10
34.8	5.77796E-10
34.9	5.80924E-10
35	5.80376E-10
35.1	5.83454E-10
35.2	5.8494E-10
35.3	5.86026E-10
35.4	5.883E-10
35.5	5.89234E-10
35.6	5.89356E-10
35.7	5.92472E-10
35.8	5.93468E-10
35.9	5.95126E-10
36	5.95356E-10
36.1	5.97614E-10
36.2	5.99918E-10
36.3	5.99826E-10
36.4	6.0066E-10
36.5	6.02854E-10
36.6	6.06652E-10
36.7	6.06504E-10
36.8	6.08044E-10
36.9	6.09938E-10
37	6.12146E-10
37.1	6.13764E-10
37.2	6.1412E-10
37.3	6.14696E-10
37.4	6.17814E-10
37.5	6.19774E-10
37.6	6.21118E-10
37.7	6.2113E-10
37.8	6.2461E-10
37.9	6.25264E-10
38	6.25896E-10
38.1	6.2813E-10
38.2	6.29702E-10
38.3	6.31568E-10
38.4	6.3185E-10
38.5	6.31346E-10
38.6	6.34756E-10
38.7	6.34556E-10
38.8	6.35964E-10
38.9	6.35532E-10
39	6.38932E-10
39.1	6.3982E-10
39.2	6.42432E-10
39.3	6.4404E-10
39.4	6.45558E-10
39.5	6.47084E-10
39.6	6.47936E-10
39.7	6.47838E-10
39.8	6.4946E-10
39.9	6.52396E-10
40	6.5423E-10
40.1	6.5358E-10
40.2	6.5657E-10
40.3	6.60336E-10
40.4	6.59014E-10
40.5	6.6139E-10
40.6	6.63016E-10
40.7	6.65948E-10
40.8	6.67606E-10
40.9	6.67696E-10
41	6.70282E-10
41.1	6.70202E-10
41.2	6.70108E-10
41.3	6.71262E-10
41.4	6.75034E-10
41.5	6.74676E-10
41.6	6.7762E-10
41.7	6.80898E-10
41.8	6.814E-10
41.9	6.8265E-10
42	6.84508E-10
42.1	6.86398E-10
42.2	6.86844E-10
42.3	6.89196E-10
42.4	6.89526E-10
42.5	6.90958E-10
42.6	6.91958E-10
42.7	6.92128E-10
42.8	6.92634E-10
42.9	6.95288E-10
43	6.9548E-10
43.1	6.98426E-10
43.2	6.98388E-10
43.3	7.0222E-10
43.4	7.0383E-10
43.5	7.03554E-10
43.6	7.0356E-10
43.7	7.06506E-10
43.8	7.07562E-10
43.9	7.08884E-10
44	7.0908E-10
44.1	7.11404E-10
44.2	7.15234E-10
44.3	7.15116E-10
44.4	7.1806E-10
44.5	7.21896E-10
44.6	7.21908E-10
44.7	7.24936E-10
44.8	7.22454E-10
44.9	7.25922E-10
45	7.26288E-10
45.1	7.2768E-10
45.2	7.27192E-10
45.3	7.30312E-10
45.4	7.3301E-10
45.5	7.34556E-10
45.6	7.36648E-10
45.7	7.36976E-10
45.8	7.40604E-10
45.9	7.40894E-10
46	7.40456E-10
46.1	7.4298E-10
46.2	7.4207E-10
46.3	7.47518E-10
46.4	7.4729E-10
46.5	7.49136E-10
46.6	7.50984E-10
46.7	7.55462E-10
46.8	7.51674E-10
46.9	7.54236E-10
47	7.56172E-10
47.1	7.54162E-10
47.2	7.56682E-10
47.3	7.57546E-10
47.4	7.62674E-10
47.5	7.59582E-10
47.6	7.57462E-10
47.7	7.56324E-10
47.8	7.59736E-10
47.9	7.5981E-10
48	7.60472E-10
48.1	7.58878E-10
48.2	7.58804E-10
48.3	7.63726E-10
48.4	7.63128E-10
48.5	7.59508E-10
48.6	7.62566E-10
48.7	7.67544E-10
48.8	7.66654E-10
48.9	7.64682E-10
49	7.67298E-10
49.1	7.71304E-10
49.2	7.7186E-10
49.3	7.6969E-10
49.4	7.7081E-10
49.5	7.7522E-10
49.6	7.7717E-10
49.7	7.74014E-10
49.8	7.7625E-10
49.9	7.78808E-10
50	7.81104E-10
50.1	7.79736E-10
50.2	7.77756E-10
50.3	7.79026E-10
50.4	7.84138E-10
50.5	7.84872E-10
50.6	7.8531E-10
50.7	7.85452E-10
50.8	7.91122E-10
50.9	7.89878E-10
51	7.91224E-10
51.1	7.9044E-10
51.2	7.942E-10
51.3	7.9917E-10
51.4	7.9919E-10
51.5	7.97582E-10
51.6	7.9703E-10
51.7	7.96504E-10
51.8	8.04534E-10
51.9	8.01676E-10
52	8.03694E-10
52.1	8.01576E-10
52.2	8.06586E-10
52.3	8.07608E-10
52.4	8.0776E-10
52.5	8.09298E-10
52.6	8.13538E-10
52.7	8.15308E-10
52.8	8.15126E-10
52.9	8.1454E-10
53	8.16954E-10
53.1	8.19034E-10
53.2	8.18996E-10
53.3	8.21114E-10
53.4	8.22224E-10
53.5	8.23664E-10
53.6	8.25942E-10
53.7	8.2552E-10
53.8	8.2595E-10
53.9	8.29412E-10
54	8.30942E-10
54.1	8.3289E-10
54.2	8.316E-10
54.3	8.3574E-10
54.4	8.37548E-10
54.5	8.39378E-10
54.6	8.39572E-10
54.7	8.41652E-10
54.8	8.43598E-10
54.9	8.4437E-10
55	8.44876E-10
55.1	8.45826E-10
55.2	8.48276E-10
55.3	8.47118E-10
55.4	8.51736E-10
55.5	8.50108E-10
55.6	8.52974E-10
55.7	8.54472E-10
55.8	8.56144E-10
55.9	8.55694E-10
56	8.58234E-10
56.1	8.61564E-10
56.2	8.62228E-10
56.3	8.64322E-10
56.4	8.61796E-10
56.5	8.63346E-10
56.6	8.67436E-10
56.7	8.6894E-10
56.8	8.69068E-10
56.9	8.7362E-10
57	8.72558E-10
57.1	8.74294E-10
57.2	8.73484E-10
57.3	8.75458E-10
57.4	8.78418E-10
57.5	8.79536E-10
57.6	8.81E-10
57.7	8.8481E-10
57.8	8.8455E-10
57.9	8.85004E-10
58	8.8819E-10
58.1	8.92198E-10
58.2	8.92446E-10
58.3	8.8937E-10
58.4	8.94048E-10
58.5	8.97002E-10
58.6	8.95606E-10
58.7	8.9733E-10
58.8	8.96966E-10
58.9	8.99996E-10
59	8.98304E-10
59.1	9.03422E-10
59.2	9.05472E-10
59.3	9.05134E-10
59.4	9.0564E-10
59.5	9.0844E-10
59.6	9.10194E-10
59.7	9.1245E-10
59.8	9.12856E-10
59.9	9.15742E-10
60	9.15176E-10
60.1	9.14036E-10
60.2	9.15356E-10
60.3	9.17168E-10
60.4	9.18026E-10
60.5	9.20794E-10
60.6	9.24358E-10
60.7	9.25528E-10
60.8	9.23754E-10
60.9	9.24774E-10
61	9.31144E-10
61.1	9.33936E-10
61.2	9.33056E-10
61.3	9.32696E-10
61.4	9.3504E-10
61.5	9.3696E-10
61.6	9.36052E-10
61.7	9.3893E-10
61.8	9.39434E-10
61.9	9.42088E-10
62	9.44044E-10
62.1	9.45782E-10
62.2	9.48126E-10
62.3	9.47146E-10
62.4	9.52166E-10
62.5	9.53498E-10
62.6	9.532E-10
62.7	9.50378E-10
62.8	9.53776E-10
62.9	9.57626E-10
63	9.60152E-10
63.1	9.58088E-10
63.2	9.58404E-10
63.3	9.63788E-10
63.4	9.64288E-10
63.5	9.68782E-10
63.6	9.66696E-10
63.7	9.67382E-10
63.8	9.67532E-10
63.9	9.68252E-10
64	9.7078E-10
64.1	9.7444E-10
64.2	9.75916E-10
64.3	9.78718E-10
64.4	9.79564E-10
64.5	9.7882E-10
64.6	9.85732E-10
64.7	9.8572E-10
64.8	9.8588E-10
64.9	9.9492E-10
65	9.9658E-10
65.1	1.00228E-09
65.2	1.00714E-09
65.3	1.0076E-09
65.4	1.01156E-09
65.5	1.01196E-09
65.6	1.0149E-09
65.7	1.01916E-09
65.8	1.01664E-09
65.9	1.01922E-09
66	1.02236E-09
66.1	1.02288E-09
66.2	1.02786E-09
66.3	1.02938E-09
66.4	1.03146E-09
66.5	1.03528E-09
66.6	1.0368E-09
66.7	1.03778E-09
66.8	1.04146E-09
66.9	1.04278E-09
67	1.04266E-09
67.1	1.04692E-09
67.2	1.0476E-09
67.3	1.05048E-09
67.4	1.05278E-09
67.5	1.05096E-09
67.6	1.05544E-09
67.7	1.05714E-09
67.8	1.0569E-09
67.9	1.05928E-09
68	1.06384E-09
68.1	1.0672E-09
68.2	1.069E-09
68.3	1.07022E-09
68.4	1.06882E-09
68.5	1.07376E-09
68.6	1.07522E-09
68.7	1.07192E-09
68.8	1.07676E-09
68.9	1.07782E-09
69	1.08014E-09
69.1	1.08334E-09
69.2	1.0874E-09
69.3	1.0864E-09
69.4	1.08892E-09
69.5	1.09068E-09
69.6	1.09136E-09
69.7	1.09542E-09
69.8	1.095E-09
69.9	1.0883E-09
70	1.10942E-09
70.1	1.1021E-09
70.2	1.09692E-09
70.3	1.10324E-09
70.4	1.0987E-09
70.5	1.111E-09
70.6	1.10882E-09
70.7	1.11204E-09
70.8	1.11376E-09
70.9	1.11318E-09
71	1.11576E-09
71.1	1.11972E-09
71.2	1.1201E-09
71.3	1.1204E-09
71.4	1.1236E-09
71.5	1.12196E-09
71.6	1.11978E-09
71.7	1.1271E-09
71.8	1.12798E-09
71.9	1.13172E-09
72	1.13456E-09
72.1	1.13618E-09
72.2	1.13444E-09
72.3	1.1367E-09
72.4	1.13898E-09
72.5	1.14248E-09
72.6	1.14194E-09
72.7	1.1421E-09
72.8	1.14322E-09
72.9	1.14662E-09
73	1.14738E-09
73.1	1.1496E-09
73.2	1.15344E-09
73.3	1.1543E-09
73.4	1.15666E-09
73.5	1.1597E-09
73.6	1.15886E-09
73.7	1.1624E-09
73.8	1.16394E-09
73.9	1.16304E-09
74	1.16664E-09
74.1	1.1662E-09
74.2	1.16724E-09
74.3	1.16888E-09
74.4	1.17068E-09
74.5	1.1787E-09
74.6	1.17784E-09
74.7	1.1736E-09
74.8	1.17928E-09
74.9	1.18244E-09
75	1.1832E-09
75.1	1.1836E-09
75.2	1.18688E-09
75.3	1.18684E-09
75.4	1.18954E-09
75.5	1.18692E-09
75.6	1.19126E-09
75.7	1.19488E-09
75.8	1.1961E-09
75.9	1.19726E-09
76	1.19458E-09
76.1	1.19814E-09
76.2	1.20218E-09
76.3	1.20562E-09
76.4	1.20406E-09
76.5	1.21002E-09
76.6	1.20914E-09
76.7	1.2064E-09
76.8	1.21296E-09
76.9	1.21584E-09
77	1.21416E-09
77.1	1.2175E-09
77.2	1.21812E-09
77.3	1.22146E-09
77.4	1.22734E-09
77.5	1.22256E-09
77.6	1.22468E-09
77.7	1.23034E-09
77.8	1.22682E-09
77.9	1.22734E-09
78	1.2321E-09
78.1	1.23078E-09
78.2	1.2377E-09
78.3	1.23694E-09
78.4	1.38418E-09
78.5	1.45364E-09
78.6	1.46692E-09
78.7	1.47458E-09
78.8	1.48898E-09
78.9	1.4999E-09
79	1.50534E-09
79.1	1.51394E-09
79.2	1.51058E-09
79.3	1.51396E-09
79.4	1.5206E-09
79.5	1.51976E-09
79.6	1.51362E-09
79.7	1.5162E-09
79.8	1.52154E-09
79.9	1.52636E-09
80	1.52688E-09
80.1	1.52854E-09
80.2	1.52986E-09
80.3	1.5301E-09
80.4	1.52938E-09
80.5	1.5209E-09
80.6	1.52656E-09
80.7	1.5385E-09
80.8	1.53338E-09
80.9	1.53472E-09
81	1.5437E-09
81.1	1.54554E-09
81.2	1.53752E-09
81.3	1.5386E-09
81.4	1.54344E-09
81.5	1.54178E-09
81.6	1.54226E-09
81.7	1.54916E-09
81.8	1.5532E-09
81.9	1.5478E-09
82	1.56234E-09
82.1	1.55518E-09
82.2	1.56152E-09
82.3	1.56282E-09
82.4	1.56248E-09
82.5	1.56816E-09
82.6	1.55974E-09
82.7	1.57872E-09
82.8	1.58396E-09
82.9	1.56328E-09
83	1.57148E-09
83.1	1.55932E-09
83.2	1.55972E-09
83.3	1.57488E-09
83.4	1.57298E-09
83.5	1.5705E-09
83.6	1.58622E-09
83.7	1.58604E-09
83.8	1.57798E-09
83.9	1.59068E-09
84	1.58652E-09
84.1	1.59592E-09
84.2	1.59616E-09
84.3	1.59558E-09
84.4	1.59912E-09
84.5	1.59888E-09
84.6	1.59768E-09
84.7	1.60062E-09
84.8	1.61062E-09
84.9	1.60302E-09
85	1.60962E-09
85.1	1.61364E-09
85.2	1.6131E-09
85.3	1.6193E-09
85.4	1.62504E-09
85.5	1.62098E-09
85.6	1.62828E-09
85.7	1.63478E-09
85.8	1.64852E-09
85.9	1.66346E-09
86	1.66686E-09
86.1	1.66548E-09
86.2	1.68508E-09
86.3	1.69E-09
86.4	1.69998E-09
86.5	1.66024E-09
86.6	1.65554E-09
86.7	1.66056E-09
86.8	1.66992E-09
86.9	1.66856E-09
87	1.66314E-09
87.1	1.66814E-09
87.2	1.7295E-09
87.3	1.744E-09
87.4	1.74916E-09
87.5	1.75346E-09
87.6	1.76052E-09
87.7	1.76902E-09
87.8	1.7767E-09
87.9	1.77042E-09
88	1.77344E-09
88.1	1.78346E-09
88.2	1.78526E-09
88.3	1.78378E-09
88.4	1.77672E-09
88.5	1.78376E-09
88.6	1.78662E-09
88.7	1.7896E-09
88.8	1.78764E-09
88.9	1.7866E-09
89	1.79178E-09
89.1	1.79346E-09
89.2	1.7937E-09
89.3	1.79466E-09
89.4	1.80022E-09
89.5	1.81542E-09
89.6	1.81946E-09
89.7	1.8256E-09
89.8	1.82468E-09
89.9	1.82654E-09
90	1.81688E-09
90.1	1.81194E-09
90.2	1.81898E-09
90.3	1.82244E-09
90.4	1.83388E-09
90.5	1.84566E-09
90.6	1.83582E-09
90.7	1.84352E-09
90.8	1.83866E-09
90.9	1.82866E-09
91	1.82878E-09
91.1	1.83582E-09
91.2	1.82784E-09
91.3	1.84502E-09
91.4	1.8585E-09
91.5	1.89328E-09
91.6	1.90108E-09
91.7	1.90354E-09
91.8	1.9092E-09
91.9	1.91992E-09
92	1.9171E-09
92.1	1.92582E-09
92.2	1.93054E-09
92.3	1.93826E-09
92.4	1.93072E-09
92.5	1.93972E-09
92.6	1.94036E-09
92.7	1.94288E-09
92.8	1.9477E-09
92.9	1.9438E-09
93	1.9492E-09
93.1	1.95472E-09
93.2	1.95068E-09
93.3	1.95726E-09
93.4	1.96734E-09
93.5	1.96338E-09
93.6	1.96974E-09
93.7	1.9676E-09
93.8	1.97208E-09
93.9	1.97606E-09
94	1.97496E-09
94.1	1.96766E-09
94.2	1.973E-09
94.3	1.97458E-09
94.4	1.97182E-09
94.5	1.97414E-09
94.6	1.97556E-09
94.7	1.97574E-09
94.8	1.97544E-09
94.9	1.97606E-09
95	1.97934E-09
95.1	1.98574E-09
95.2	1.98652E-09
95.3	1.98582E-09
95.4	1.97596E-09
95.5	1.97964E-09
95.6	1.98862E-09
95.7	1.99306E-09
95.8	2.00616E-09
95.9	2.01788E-09
96	2.0164E-09
96.1	2.02104E-09
96.2	2.00528E-09
96.3	2.00088E-09
96.4	2.00596E-09
96.5	2.01104E-09
96.6	2.00708E-09
96.7	2.00704E-09
96.8	2.00928E-09
96.9	2.00654E-09
97	2.01224E-09
97.1	2.00764E-09
97.2	2.00904E-09
97.3	2.01412E-09
97.4	2.013E-09
97.5	2.0115E-09
97.6	2.01736E-09
97.7	2.02104E-09
97.8	2.01544E-09
97.9	2.02228E-09
98	2.0205E-09
98.1	2.02292E-09
98.2	2.0238E-09
98.3	2.01744E-09
98.4	2.02762E-09
98.5	2.03126E-09
98.6	2.025E-09
98.7	2.02428E-09
98.8	2.02928E-09
98.9	2.03396E-09
99	2.03992E-09
99.1	2.03842E-09
99.2	2.0406E-09
99.3	2.04928E-09
99.4	2.04966E-09
99.5	2.04516E-09
99.6	2.06206E-09
99.7	2.07706E-09
99.8	2.09484E-09
99.9	2.09794E-09
100	2.09582E-09
