BG_V	BG_I
0	-2.6344E-11
0.1	-3.112E-12
0.2	9.632E-12
0.3	2.2268E-11
0.4	3.495E-11
0.5	4.3994E-11
0.6	5.4986E-11
0.7	6.2166E-11
0.8	7.0094E-11
0.9	7.8534E-11
1	8.6276E-11
1.1	9.4714E-11
1.2	1.03686E-10
1.3	1.10372E-10
1.4	1.17886E-10
1.5	1.22174E-10
1.6	1.30262E-10
1.7	1.34962E-10
1.8	1.4185E-10
1.9	1.47324E-10
2	1.5515E-10
2.1	1.62492E-10
2.2	1.68894E-10
2.3	1.76074E-10
2.4	1.80958E-10
2.5	1.87894E-10
2.6	1.95148E-10
2.7	1.99662E-10
2.8	2.04142E-10
2.9	2.09294E-10
3	2.18002E-10
3.1	2.2172E-10
3.2	2.2669E-10
3.3	2.33884E-10
3.4	2.36882E-10
3.5	2.44046E-10
3.6	2.51422E-10
3.7	2.57496E-10
3.8	2.60688E-10
3.9	2.6639E-10
4	2.7192E-10
4.1	2.78246E-10
4.2	2.8257E-10
4.3	2.87588E-10
4.4	2.95928E-10
4.5	2.98582E-10
4.6	3.0361E-10
4.7	3.08074E-10
4.8	3.14136E-10
4.9	3.19004E-10
5	3.23598E-10
5.1	3.3117E-10
5.2	3.3612E-10
5.3	3.4124E-10
5.4	3.47626E-10
5.5	3.50464E-10
5.6	3.5673E-10
5.7	3.62542E-10
5.8	3.66434E-10
5.9	3.70634E-10
6	3.7663E-10
6.1	3.82148E-10
6.2	3.8735E-10
6.3	3.92058E-10
6.4	3.96264E-10
6.5	4.01536E-10
6.6	4.06252E-10
6.7	4.12746E-10
6.8	4.18024E-10
6.9	4.2334E-10
7	4.27386E-10
7.1	4.32716E-10
7.2	4.37186E-10
7.3	4.4049E-10
7.4	4.46828E-10
7.5	4.51408E-10
7.6	4.57132E-10
7.7	4.62558E-10
7.8	4.66758E-10
7.9	4.71836E-10
8	4.7674E-10
8.1	4.81478E-10
8.2	4.86244E-10
8.3	4.91228E-10
8.4	4.9605E-10
8.5	5.00424E-10
8.6	5.0549E-10
8.7	5.09096E-10
8.8	5.15096E-10
8.9	5.19568E-10
9	5.26548E-10
9.1	5.30032E-10
9.2	5.3566E-10
9.3	5.40418E-10
9.4	5.44828E-10
9.5	5.48186E-10
9.6	5.52848E-10
9.7	5.57606E-10
9.8	5.64188E-10
9.9	5.70266E-10
10	5.72712E-10
10.1	5.7915E-10
10.2	5.8304E-10
10.3	5.88228E-10
10.4	5.93422E-10
10.5	5.98748E-10
10.6	6.0248E-10
10.7	6.06236E-10
10.8	6.10544E-10
10.9	6.14312E-10
11	6.18946E-10
11.1	6.25368E-10
11.2	6.29474E-10
11.3	6.34398E-10
11.4	6.38886E-10
11.5	6.44218E-10
11.6	6.40322E-10
11.7	6.4849E-10
11.8	6.55554E-10
11.9	6.51348E-10
12	6.55522E-10
12.1	6.5518E-10
12.2	6.56944E-10
12.3	6.58776E-10
12.4	6.62198E-10
12.5	6.65722E-10
12.6	6.67728E-10
12.7	6.7284E-10
12.8	6.77494E-10
12.9	6.7889E-10
13	6.83762E-10
13.1	6.86272E-10
13.2	6.90514E-10
13.3	6.9433E-10
13.4	7.00294E-10
13.5	7.01882E-10
13.6	7.05154E-10
13.7	7.09986E-10
13.8	7.1421E-10
13.9	7.17418E-10
14	7.21118E-10
14.1	7.25616E-10
14.2	7.32868E-10
14.3	7.33188E-10
14.4	7.39478E-10
14.5	7.43886E-10
14.6	7.46328E-10
14.7	7.51082E-10
14.8	7.53214E-10
14.9	7.58896E-10
15	7.64374E-10
15.1	7.69276E-10
15.2	7.7091E-10
15.3	7.7351E-10
15.4	7.79924E-10
15.5	7.83434E-10
15.6	7.87964E-10
15.7	7.93998E-10
15.8	7.96928E-10
15.9	8.0117E-10
16	8.0707E-10
16.1	8.09542E-10
16.2	8.13228E-10
16.3	8.1792E-10
16.4	8.2201E-10
16.5	8.26062E-10
16.6	8.30398E-10
16.7	8.36998E-10
16.8	8.40496E-10
16.9	8.44858E-10
17	8.46748E-10
17.1	8.53718E-10
17.2	8.57604E-10
17.3	8.62286E-10
17.4	8.63992E-10
17.5	8.69028E-10
17.6	8.72122E-10
17.7	8.77508E-10
17.8	8.84014E-10
17.9	8.88874E-10
18	8.91184E-10
18.1	8.94756E-10
18.2	8.99596E-10
18.3	9.03816E-10
18.4	9.0875E-10
18.5	9.14136E-10
18.6	9.19634E-10
18.7	9.20196E-10
18.8	9.299E-10
18.9	9.3736E-10
19	9.40956E-10
19.1	9.43082E-10
19.2	9.46406E-10
19.3	9.4941E-10
19.4	9.54048E-10
19.5	9.57832E-10
19.6	9.63716E-10
19.7	9.67416E-10
19.8	9.69284E-10
19.9	9.72746E-10
20	9.77612E-10
20.1	9.82744E-10
20.2	9.858E-10
20.3	1.00066E-09
20.4	1.01234E-09
20.5	1.0186E-09
20.6	1.0288E-09
20.7	1.03536E-09
20.8	1.04132E-09
20.9	1.04828E-09
21	1.05514E-09
21.1	1.06144E-09
21.2	1.06626E-09
21.3	1.07428E-09
21.4	1.0814E-09
21.5	1.0867E-09
21.6	1.09082E-09
21.7	1.0977E-09
21.8	1.10348E-09
21.9	1.1082E-09
22	1.11504E-09
22.1	1.11806E-09
22.2	1.12494E-09
22.3	1.12966E-09
22.4	1.13668E-09
22.5	1.1411E-09
22.6	1.14694E-09
22.7	1.1506E-09
22.8	1.15834E-09
22.9	1.1627E-09
23	1.16876E-09
23.1	1.17332E-09
23.2	1.18022E-09
23.3	1.18398E-09
23.4	1.18926E-09
23.5	1.1935E-09
23.6	1.19808E-09
23.7	1.20258E-09
23.8	1.20936E-09
23.9	1.2151E-09
24	1.22028E-09
24.1	1.2245E-09
24.2	1.22946E-09
24.3	1.23528E-09
24.4	1.23872E-09
24.5	1.24388E-09
24.6	1.2473E-09
24.7	1.25282E-09
24.8	1.26014E-09
24.9	1.26412E-09
25	1.26956E-09
25.1	1.27346E-09
25.2	1.2777E-09
25.3	1.28364E-09
25.4	1.28746E-09
25.5	1.2944E-09
25.6	1.29946E-09
25.7	1.30472E-09
25.8	1.30916E-09
25.9	1.31116E-09
26	1.31756E-09
26.1	1.3224E-09
26.2	1.32628E-09
26.3	1.33166E-09
26.4	1.3364E-09
26.5	1.34232E-09
26.6	1.34678E-09
26.7	1.3499E-09
26.8	1.3549E-09
26.9	1.3606E-09
27	1.3647E-09
27.1	1.37032E-09
27.2	1.37724E-09
27.3	1.38014E-09
27.4	1.38682E-09
27.5	1.38892E-09
27.6	1.39442E-09
27.7	1.39778E-09
27.8	1.4041E-09
27.9	1.40884E-09
28	1.41272E-09
28.1	1.41856E-09
28.2	1.42112E-09
28.3	1.42758E-09
28.4	1.43222E-09
28.5	1.43714E-09
28.6	1.44258E-09
28.7	1.44604E-09
28.8	1.45138E-09
28.9	1.4563E-09
29	1.46208E-09
29.1	1.46324E-09
29.2	1.46932E-09
29.3	1.47408E-09
29.4	1.47986E-09
29.5	1.48508E-09
29.6	1.48864E-09
29.7	1.49452E-09
29.8	1.49974E-09
29.9	1.50432E-09
30	1.50712E-09
30.1	1.51128E-09
30.2	1.51848E-09
30.3	1.52232E-09
30.4	1.52554E-09
30.5	1.5315E-09
30.6	1.5373E-09
30.7	1.53908E-09
30.8	1.54546E-09
30.9	1.54988E-09
31	1.5562E-09
31.1	1.56042E-09
31.2	1.56294E-09
31.3	1.56792E-09
31.4	1.5732E-09
31.5	1.58068E-09
31.6	1.58046E-09
31.7	1.58536E-09
31.8	1.59074E-09
31.9	1.59822E-09
32	1.60292E-09
32.1	1.6063E-09
32.2	1.60988E-09
32.3	1.61494E-09
32.4	1.61644E-09
32.5	1.62578E-09
32.6	1.62966E-09
32.7	1.63276E-09
32.8	1.6365E-09
32.9	1.63932E-09
33	1.64714E-09
33.1	1.65238E-09
33.2	1.65588E-09
33.3	1.6622E-09
33.4	1.66258E-09
33.5	1.66958E-09
33.6	1.67748E-09
33.7	1.6795E-09
33.8	1.68362E-09
33.9	1.6846E-09
34	1.69494E-09
34.1	1.70162E-09
34.2	1.70314E-09
34.3	1.70722E-09
34.4	1.71286E-09
34.5	1.7156E-09
34.6	1.72096E-09
34.7	1.72822E-09
34.8	1.73082E-09
34.9	1.73328E-09
35	1.73834E-09
35.1	1.7453E-09
35.2	1.74876E-09
35.3	1.75436E-09
35.4	1.75782E-09
35.5	1.76034E-09
35.6	1.7661E-09
35.7	1.7732E-09
35.8	1.77662E-09
35.9	1.77984E-09
36	1.78306E-09
36.1	1.78738E-09
36.2	1.7943E-09
36.3	1.79984E-09
36.4	1.80474E-09
36.5	1.81062E-09
36.6	1.81162E-09
36.7	1.8156E-09
36.8	1.82312E-09
36.9	1.827E-09
37	1.83074E-09
37.1	1.83492E-09
37.2	1.83878E-09
37.3	1.84356E-09
37.4	1.84846E-09
37.5	1.85552E-09
37.6	1.85894E-09
37.7	1.8672E-09
37.8	1.86776E-09
37.9	1.87176E-09
38	1.87782E-09
38.1	1.8816E-09
38.2	1.88736E-09
38.3	1.89054E-09
38.4	1.8937E-09
38.5	1.89918E-09
38.6	1.90516E-09
38.7	1.90768E-09
38.8	1.91444E-09
38.9	1.91862E-09
39	1.92276E-09
39.1	1.92744E-09
39.2	1.9286E-09
39.3	1.9364E-09
39.4	1.94026E-09
39.5	1.9465E-09
39.6	1.95248E-09
39.7	1.95544E-09
39.8	1.9626E-09
39.9	1.9633E-09
40	1.96724E-09
40.1	1.9729E-09
40.2	1.97926E-09
40.3	1.9799E-09
40.4	1.98566E-09
40.5	1.99138E-09
40.6	2.0002E-09
40.7	2.00098E-09
40.8	2.00664E-09
40.9	2.0085E-09
41	2.01684E-09
41.1	2.019E-09
41.2	2.02338E-09
41.3	2.02862E-09
41.4	2.03496E-09
41.5	2.03594E-09
41.6	2.04282E-09
41.7	2.04648E-09
41.8	2.052E-09
41.9	2.05348E-09
42	2.05942E-09
42.1	2.0645E-09
42.2	2.07334E-09
42.3	2.0748E-09
42.4	2.07774E-09
42.5	2.08508E-09
42.6	2.09096E-09
42.7	2.09378E-09
42.8	2.09588E-09
42.9	2.10044E-09
43	2.10702E-09
43.1	2.11162E-09
43.2	2.11236E-09
43.3	2.1204E-09
43.4	2.12694E-09
43.5	2.12804E-09
43.6	2.13338E-09
43.7	2.13992E-09
43.8	2.1445E-09
43.9	2.1471E-09
44	2.15188E-09
44.1	2.15702E-09
44.2	2.1617E-09
44.3	2.16866E-09
44.4	2.16936E-09
44.5	2.17502E-09
44.6	2.17958E-09
44.7	2.18436E-09
44.8	2.18874E-09
44.9	2.19152E-09
45	2.19928E-09
45.1	2.20334E-09
45.2	2.20788E-09
45.3	2.21356E-09
45.4	2.2165E-09
45.5	2.22216E-09
45.6	2.22598E-09
45.7	2.2282E-09
45.8	2.23424E-09
45.9	2.23908E-09
46	2.2445E-09
46.1	2.24714E-09
46.2	2.2526E-09
46.3	2.25914E-09
46.4	2.26274E-09
46.5	2.26824E-09
46.6	2.27036E-09
46.7	2.27514E-09
46.8	2.28126E-09
46.9	2.28414E-09
47	2.2878E-09
47.1	2.29436E-09
47.2	2.29978E-09
47.3	2.30276E-09
47.4	2.30852E-09
47.5	2.314E-09
47.6	2.31966E-09
47.7	2.323E-09
47.8	2.3261E-09
47.9	2.33174E-09
48	2.3387E-09
48.1	2.34304E-09
48.2	2.3431E-09
48.3	2.35186E-09
48.4	2.35426E-09
48.5	2.35936E-09
48.6	2.36164E-09
48.7	2.3669E-09
48.8	2.3748E-09
48.9	2.38014E-09
49	2.38158E-09
49.1	2.38718E-09
49.2	2.39256E-09
49.3	2.39718E-09
49.4	2.40118E-09
49.5	2.40384E-09
49.6	2.41256E-09
49.7	2.41446E-09
49.8	2.41682E-09
49.9	2.42038E-09
50	2.43116E-09
50.1	2.4353E-09
50.2	2.43816E-09
50.3	2.4407E-09
50.4	2.4472E-09
50.5	2.453E-09
50.6	2.45704E-09
50.7	2.46082E-09
50.8	2.46556E-09
50.9	2.47334E-09
51	2.4733E-09
51.1	2.47786E-09
51.2	2.48534E-09
51.3	2.48932E-09
51.4	2.49152E-09
51.5	2.4963E-09
51.6	2.50478E-09
51.7	2.50934E-09
51.8	2.5118E-09
51.9	2.51622E-09
52	2.52476E-09
52.1	2.5264E-09
52.2	2.5327E-09
52.3	2.53538E-09
52.4	2.5412E-09
52.5	2.54698E-09
52.6	2.55134E-09
52.7	2.55376E-09
52.8	2.55798E-09
52.9	2.56372E-09
53	2.56888E-09
53.1	2.57138E-09
53.2	2.5767E-09
53.3	2.58102E-09
53.4	2.58814E-09
53.5	2.59296E-09
53.6	2.59498E-09
53.7	2.60124E-09
53.8	2.60442E-09
53.9	2.61176E-09
54	2.61424E-09
54.1	2.61806E-09
54.2	2.62266E-09
54.3	2.62556E-09
54.4	2.6337E-09
54.5	2.64132E-09
54.6	2.64406E-09
54.7	2.64844E-09
54.8	2.6504E-09
54.9	2.65676E-09
55	2.66092E-09
55.1	2.66658E-09
55.2	2.67022E-09
55.3	2.67434E-09
55.4	2.68146E-09
55.5	2.68486E-09
55.6	2.68864E-09
55.7	2.69462E-09
55.8	2.6996E-09
55.9	2.70284E-09
56	2.70724E-09
56.1	2.71002E-09
56.2	2.71872E-09
56.3	2.71934E-09
56.4	2.72614E-09
56.5	2.72914E-09
56.6	2.73716E-09
56.7	2.73934E-09
56.8	2.74488E-09
56.9	2.74768E-09
57	2.75438E-09
57.1	2.75872E-09
57.2	2.76404E-09
57.3	2.76936E-09
57.4	2.77306E-09
57.5	2.78036E-09
57.6	2.7834E-09
57.7	2.78818E-09
57.8	2.79296E-09
57.9	2.79842E-09
58	2.7983E-09
58.1	2.80592E-09
58.2	2.81262E-09
58.3	2.81606E-09
58.4	2.82028E-09
58.5	2.8242E-09
58.6	2.82734E-09
58.7	2.83542E-09
58.8	2.8387E-09
58.9	2.8439E-09
59	2.84788E-09
59.1	2.8535E-09
59.2	2.85738E-09
59.3	2.86296E-09
59.4	2.86708E-09
59.5	2.87204E-09
59.6	2.87696E-09
59.7	2.88016E-09
59.8	2.8842E-09
59.9	2.89128E-09
60	2.8943E-09
60.1	2.89896E-09
60.2	2.9041E-09
60.3	2.9081E-09
60.4	2.91906E-09
60.5	2.92012E-09
60.6	2.92406E-09
60.7	2.92782E-09
60.8	2.93288E-09
60.9	2.93674E-09
61	2.94252E-09
61.1	2.94756E-09
61.2	2.9486E-09
61.3	2.95544E-09
61.4	2.95894E-09
61.5	2.96584E-09
61.6	2.96904E-09
61.7	2.97542E-09
61.8	2.97848E-09
61.9	2.98876E-09
62	2.99422E-09
62.1	2.99512E-09
62.2	3.00094E-09
62.3	3.00302E-09
62.4	3.00766E-09
62.5	3.01136E-09
62.6	3.01634E-09
62.7	3.02246E-09
62.8	3.02908E-09
62.9	3.03392E-09
63	3.03738E-09
63.1	3.044E-09
63.2	3.04682E-09
63.3	3.05328E-09
63.4	3.0529E-09
63.5	3.06116E-09
63.6	3.06588E-09
63.7	3.07294E-09
63.8	3.07504E-09
63.9	3.08032E-09
64	3.08444E-09
64.1	3.08814E-09
64.2	3.09324E-09
64.3	3.09858E-09
64.4	3.10028E-09
64.5	3.11104E-09
64.6	3.11834E-09
64.7	3.11984E-09
64.8	3.12678E-09
64.9	3.13E-09
65	3.13368E-09
65.1	3.13844E-09
65.2	3.14076E-09
65.3	3.14868E-09
65.4	3.1549E-09
65.5	3.15918E-09
65.6	3.1657E-09
65.7	3.174E-09
65.8	3.17626E-09
65.9	3.17856E-09
66	3.18778E-09
66.1	3.1922E-09
66.2	3.1967E-09
66.3	3.20298E-09
66.4	3.20608E-09
66.5	3.21022E-09
66.6	3.21842E-09
66.7	3.2208E-09
66.8	3.22548E-09
66.9	3.23202E-09
67	3.23588E-09
67.1	3.23962E-09
67.2	3.2482E-09
67.3	3.2503E-09
67.4	3.257E-09
67.5	3.26068E-09
67.6	3.26366E-09
67.7	3.27046E-09
67.8	3.27428E-09
67.9	3.27866E-09
68	3.28414E-09
68.1	3.28956E-09
68.2	3.29448E-09
68.3	3.3003E-09
68.4	3.30694E-09
68.5	3.31198E-09
68.6	3.31498E-09
68.7	3.32008E-09
68.8	3.32242E-09
68.9	3.32792E-09
69	3.3312E-09
69.1	3.33382E-09
69.2	3.34252E-09
69.3	3.34598E-09
69.4	3.35058E-09
69.5	3.3591E-09
69.6	3.3624E-09
69.7	3.367E-09
69.8	3.37218E-09
69.9	3.37744E-09
70	3.38412E-09
70.1	3.38782E-09
70.2	3.38992E-09
70.3	3.39426E-09
70.4	3.40216E-09
70.5	3.404E-09
70.6	3.41026E-09
70.7	3.41418E-09
70.8	3.42046E-09
70.9	3.42414E-09
71	3.42856E-09
71.1	3.43414E-09
71.2	3.44148E-09
71.3	3.44692E-09
71.4	3.44858E-09
71.5	3.45546E-09
71.6	3.45806E-09
71.7	3.46448E-09
71.8	3.4669E-09
71.9	3.47202E-09
72	3.4771E-09
72.1	3.48474E-09
72.2	3.48772E-09
72.3	3.49212E-09
72.4	3.49608E-09
72.5	3.50024E-09
72.6	3.50622E-09
72.7	3.51542E-09
72.8	3.51434E-09
72.9	3.5229E-09
73	3.52612E-09
73.1	3.53332E-09
73.2	3.53536E-09
73.3	3.53902E-09
73.4	3.54166E-09
73.5	3.54692E-09
73.6	3.55328E-09
73.7	3.56146E-09
73.8	3.5662E-09
73.9	3.5674E-09
74	3.57492E-09
74.1	3.58084E-09
74.2	3.58378E-09
74.3	3.58986E-09
74.4	3.59368E-09
74.5	3.5955E-09
74.6	3.59988E-09
74.7	3.60754E-09
74.8	3.6135E-09
74.9	3.61714E-09
75	3.62132E-09
75.1	3.62722E-09
75.2	3.63294E-09
75.3	3.63312E-09
75.4	3.64008E-09
75.5	3.646E-09
75.6	3.65092E-09
75.7	3.65556E-09
75.8	3.66354E-09
75.9	3.6681E-09
76	3.67218E-09
76.1	3.67362E-09
76.2	3.68078E-09
76.3	3.68446E-09
76.4	3.6875E-09
76.5	3.69176E-09
76.6	3.69958E-09
76.7	3.70618E-09
76.8	3.709E-09
76.9	3.713E-09
77	3.71804E-09
77.1	3.72606E-09
77.2	3.72712E-09
77.3	3.73296E-09
77.4	3.73584E-09
77.5	3.74174E-09
77.6	3.74672E-09
77.7	3.749E-09
77.8	3.7533E-09
77.9	3.76044E-09
78	3.76484E-09
78.1	3.77342E-09
78.2	3.77466E-09
78.3	3.78096E-09
78.4	3.78846E-09
78.5	3.79178E-09
78.6	3.7953E-09
78.7	3.80136E-09
78.8	3.80976E-09
78.9	3.80818E-09
79	3.8133E-09
79.1	3.81902E-09
79.2	3.81998E-09
79.3	3.82712E-09
79.4	3.83128E-09
79.5	3.83978E-09
79.6	3.84578E-09
79.7	3.84844E-09
79.8	3.85338E-09
79.9	3.85864E-09
80	3.86382E-09
80.1	3.87016E-09
80.2	3.87248E-09
80.3	3.87644E-09
80.4	3.88502E-09
80.5	3.88748E-09
80.6	3.89132E-09
80.7	3.8962E-09
80.8	3.90546E-09
80.9	3.9097E-09
81	3.912E-09
81.1	3.91986E-09
81.2	3.92402E-09
81.3	3.93106E-09
81.4	3.93488E-09
81.5	3.9363E-09
81.6	3.94318E-09
81.7	3.95156E-09
81.8	3.95572E-09
81.9	3.96044E-09
82	3.96254E-09
82.1	3.97178E-09
82.2	3.97664E-09
82.3	3.97926E-09
82.4	3.98462E-09
82.5	3.99232E-09
82.6	3.99932E-09
82.7	4.0051E-09
82.8	4.00392E-09
82.9	4.0078E-09
83	4.01566E-09
83.1	4.01942E-09
83.2	4.02438E-09
83.3	4.032E-09
83.4	4.03784E-09
83.5	4.04212E-09
83.6	4.0459E-09
83.7	4.05092E-09
83.8	4.0529E-09
83.9	4.061E-09
84	4.06418E-09
84.1	4.06818E-09
84.2	4.0793E-09
84.3	4.08266E-09
84.4	4.08484E-09
84.5	4.08898E-09
84.6	4.09704E-09
84.7	4.09886E-09
84.8	4.10512E-09
84.9	4.11E-09
85	4.11334E-09
85.1	4.11522E-09
85.2	4.12264E-09
85.3	4.12448E-09
85.4	4.13274E-09
85.5	4.13944E-09
85.6	4.14476E-09
85.7	4.14484E-09
85.8	4.15324E-09
85.9	4.1602E-09
86	4.16334E-09
86.1	4.1671E-09
86.2	4.17448E-09
86.3	4.18012E-09
86.4	4.17934E-09
86.5	4.18156E-09
86.6	4.19112E-09
86.7	4.19852E-09
86.8	4.20246E-09
86.9	4.20374E-09
87	4.2105E-09
87.1	4.22014E-09
87.2	4.22192E-09
87.3	4.22732E-09
87.4	4.23332E-09
87.5	4.23896E-09
87.6	4.2413E-09
87.7	4.24638E-09
87.8	4.24734E-09
87.9	4.26036E-09
88	4.26144E-09
88.1	4.2616E-09
88.2	4.2672E-09
88.3	4.27482E-09
88.4	4.28012E-09
88.5	4.2807E-09
88.6	4.28986E-09
88.7	4.29642E-09
88.8	4.30524E-09
88.9	4.3071E-09
89	4.30888E-09
89.1	4.31762E-09
89.2	4.3209E-09
89.3	4.32338E-09
89.4	4.32822E-09
89.5	4.33376E-09
89.6	4.34076E-09
89.7	4.34548E-09
89.8	4.34604E-09
89.9	4.35408E-09
90	4.36082E-09
90.1	4.36242E-09
90.2	4.36714E-09
90.3	4.3751E-09
90.4	4.38072E-09
90.5	4.38764E-09
90.6	4.38734E-09
90.7	4.39202E-09
90.8	4.39942E-09
90.9	4.40416E-09
91	4.40474E-09
91.1	4.41114E-09
91.2	4.4194E-09
91.3	4.42474E-09
91.4	4.42806E-09
91.5	4.43686E-09
91.6	4.44312E-09
91.7	4.446E-09
91.8	4.4488E-09
91.9	4.45036E-09
92	4.4553E-09
92.1	4.4633E-09
92.2	4.46402E-09
92.3	4.46882E-09
92.4	4.47576E-09
92.5	4.4818E-09
92.6	4.48928E-09
92.7	4.49342E-09
92.8	4.4945E-09
92.9	4.50344E-09
93	4.50764E-09
93.1	4.51138E-09
93.2	4.51652E-09
93.3	4.52264E-09
93.4	4.52764E-09
93.5	4.52906E-09
93.6	4.5342E-09
93.7	4.54114E-09
93.8	4.55078E-09
93.9	4.55156E-09
94	4.55666E-09
94.1	4.56366E-09
94.2	4.56612E-09
94.3	4.56906E-09
94.4	4.57358E-09
94.5	4.5814E-09
94.6	4.58894E-09
94.7	4.59152E-09
94.8	4.59448E-09
94.9	4.60434E-09
95	4.61238E-09
95.1	4.61052E-09
95.2	4.61406E-09
95.3	4.62422E-09
95.4	4.62906E-09
95.5	4.63386E-09
95.6	4.63142E-09
95.7	4.63768E-09
95.8	4.6446E-09
95.9	4.64924E-09
96	4.65212E-09
96.1	4.66182E-09
96.2	4.67152E-09
96.3	4.6748E-09
96.4	4.67662E-09
96.5	4.68252E-09
96.6	4.68684E-09
96.7	4.69078E-09
96.8	4.69406E-09
96.9	4.69734E-09
97	4.70582E-09
97.1	4.71438E-09
97.2	4.71738E-09
97.3	4.72098E-09
97.4	4.72932E-09
97.5	4.73554E-09
97.6	4.73604E-09
97.7	4.73912E-09
97.8	4.7482E-09
97.9	4.75686E-09
98	4.75484E-09
98.1	4.75894E-09
98.2	4.76542E-09
98.3	4.77348E-09
98.4	4.77608E-09
98.5	4.78078E-09
98.6	4.78522E-09
98.7	4.79822E-09
98.8	4.79942E-09
98.9	4.7967E-09
99	4.80766E-09
99.1	4.81508E-09
99.2	4.81566E-09
99.3	4.81998E-09
99.4	4.82452E-09
99.5	4.833E-09
99.6	4.83954E-09
99.7	4.843E-09
99.8	4.84394E-09
99.9	4.8581E-09
100	4.86236E-09
