BG_V	BG_I
0	-1.083E-11
0.1	3.76E-12
0.2	1.3758E-11
0.3	2.0618E-11
0.4	2.8208E-11
0.5	3.4518E-11
0.6	3.685E-11
0.7	4.333E-11
0.8	4.6486E-11
0.9	5.281E-11
1	5.5766E-11
1.1	6.2506E-11
1.2	6.4646E-11
1.3	6.7642E-11
1.4	7.2858E-11
1.5	7.4102E-11
1.6	8.0176E-11
1.7	8.1078E-11
1.8	8.4082E-11
1.9	8.7562E-11
2	9.1448E-11
2.1	9.6296E-11
2.2	9.9374E-11
2.3	1.00836E-10
2.4	1.0401E-10
2.5	1.08776E-10
2.6	1.12752E-10
2.7	1.15104E-10
2.8	1.18664E-10
2.9	1.20766E-10
3	1.24358E-10
3.1	1.25542E-10
3.2	1.29248E-10
3.3	1.32574E-10
3.4	1.35216E-10
3.5	1.37904E-10
3.6	1.413E-10
3.7	1.44382E-10
3.8	1.46342E-10
3.9	1.49732E-10
4	1.52556E-10
4.1	1.54856E-10
4.2	1.57602E-10
4.3	1.62116E-10
4.4	1.62672E-10
4.5	1.64804E-10
4.6	1.66406E-10
4.7	1.71456E-10
4.8	1.7538E-10
4.9	1.76322E-10
5	1.80592E-10
5.1	1.81074E-10
5.2	1.85272E-10
5.3	1.86018E-10
5.4	1.89478E-10
5.5	1.88784E-10
5.6	1.9471E-10
5.7	1.95132E-10
5.8	2.00024E-10
5.9	2.0368E-10
6	2.10508E-10
6.1	2.04506E-10
6.2	2.02006E-10
6.3	2.16028E-10
6.4	2.14772E-10
6.5	2.21056E-10
6.6	2.17876E-10
6.7	2.23296E-10
6.8	2.2574E-10
6.9	2.27784E-10
7	2.29352E-10
7.1	2.31836E-10
7.2	2.34066E-10
7.3	2.36362E-10
7.4	2.38492E-10
7.5	2.4058E-10
7.6	2.4578E-10
7.7	2.47406E-10
7.8	2.502E-10
7.9	2.51638E-10
8	2.54978E-10
8.1	2.56568E-10
8.2	2.60172E-10
8.3	2.61048E-10
8.4	2.6346E-10
8.5	2.66406E-10
8.6	2.68094E-10
8.7	2.6989E-10
8.8	2.74206E-10
8.9	2.74832E-10
9	2.78318E-10
9.1	2.8126E-10
9.2	2.83378E-10
9.3	2.85002E-10
9.4	2.88076E-10
9.5	2.89492E-10
9.6	2.92968E-10
9.7	2.9327E-10
9.8	2.95658E-10
9.9	2.99098E-10
10	2.99562E-10
10.1	3.0382E-10
10.2	3.06604E-10
10.3	3.09564E-10
10.4	3.10952E-10
10.5	3.11144E-10
10.6	3.16254E-10
10.7	3.1679E-10
10.8	3.21888E-10
10.9	3.21672E-10
11	3.2461E-10
11.1	3.27422E-10
11.2	3.29824E-10
11.3	3.31964E-10
11.4	3.35242E-10
11.5	3.37424E-10
11.6	3.4033E-10
11.7	3.39498E-10
11.8	3.42738E-10
11.9	3.4491E-10
12	3.4725E-10
12.1	3.50424E-10
12.2	3.50298E-10
12.3	3.54436E-10
12.4	3.58498E-10
12.5	3.59218E-10
12.6	3.60842E-10
12.7	3.63982E-10
12.8	3.65478E-10
12.9	3.67618E-10
13	3.70354E-10
13.1	3.7277E-10
13.2	3.75184E-10
13.3	3.7711E-10
13.4	3.79004E-10
13.5	3.81806E-10
13.6	3.83246E-10
13.7	3.8691E-10
13.8	3.87942E-10
13.9	3.90546E-10
14	3.9215E-10
14.1	3.94408E-10
14.2	3.9946E-10
14.3	4.00832E-10
14.4	4.01846E-10
14.5	4.04388E-10
14.6	4.07558E-10
14.7	4.08066E-10
14.8	4.10732E-10
14.9	4.14272E-10
15	4.14192E-10
15.1	4.18706E-10
15.2	4.18854E-10
15.3	4.21396E-10
15.4	4.24292E-10
15.5	4.2592E-10
15.6	4.30182E-10
15.7	4.32266E-10
15.8	4.35338E-10
15.9	4.36112E-10
16	4.37744E-10
16.1	4.419E-10
16.2	4.42876E-10
16.3	4.44094E-10
16.4	4.45396E-10
16.5	4.4969E-10
16.6	4.5208E-10
16.7	4.52486E-10
16.8	4.55816E-10
16.9	4.5766E-10
17	4.5959E-10
17.1	4.6246E-10
17.2	4.64778E-10
17.3	4.6782E-10
17.4	4.68822E-10
17.5	4.7225E-10
17.6	4.74334E-10
17.7	4.7674E-10
17.8	4.79598E-10
17.9	4.79182E-10
18	4.8126E-10
18.1	4.83882E-10
18.2	4.85656E-10
18.3	4.88936E-10
18.4	4.93608E-10
18.5	4.92804E-10
18.6	4.96384E-10
18.7	4.98556E-10
18.8	5.00194E-10
18.9	5.0212E-10
19	5.04952E-10
19.1	5.0781E-10
19.2	5.09006E-10
19.3	5.10844E-10
19.4	5.13062E-10
19.5	5.15222E-10
19.6	5.19764E-10
19.7	5.19984E-10
19.8	5.22172E-10
19.9	5.23256E-10
20	5.27008E-10
20.1	5.29012E-10
20.2	5.31992E-10
20.3	5.34474E-10
20.4	5.37344E-10
20.5	5.39436E-10
20.6	5.38896E-10
20.7	5.42522E-10
20.8	5.43704E-10
20.9	5.4673E-10
21	5.48704E-10
21.1	5.51138E-10
21.2	5.54616E-10
21.3	5.55614E-10
21.4	5.5792E-10
21.5	5.61162E-10
21.6	5.62988E-10
21.7	5.63572E-10
21.8	5.6573E-10
21.9	5.69758E-10
22	5.7137E-10
22.1	5.73462E-10
22.2	5.75536E-10
22.3	5.77742E-10
22.4	5.79346E-10
22.5	5.81514E-10
22.6	5.84062E-10
22.7	5.87522E-10
22.8	5.89368E-10
22.9	5.9088E-10
23	5.9248E-10
23.1	5.94408E-10
23.2	5.95716E-10
23.3	5.99546E-10
23.4	6.021E-10
23.5	6.01576E-10
23.6	6.05176E-10
23.7	6.08266E-10
23.8	6.09736E-10
23.9	6.12488E-10
24	6.16398E-10
24.1	6.18052E-10
24.2	6.19194E-10
24.3	6.21054E-10
24.4	6.2446E-10
24.5	6.25572E-10
24.6	6.28942E-10
24.7	6.29586E-10
24.8	6.32666E-10
24.9	6.34768E-10
25	6.36508E-10
25.1	6.38916E-10
25.2	6.3953E-10
25.3	6.42504E-10
25.4	6.44782E-10
25.5	6.47012E-10
25.6	6.4918E-10
25.7	6.51432E-10
25.8	6.54854E-10
25.9	6.56026E-10
26	6.5689E-10
26.1	6.6057E-10
26.2	6.62036E-10
26.3	6.63186E-10
26.4	6.67794E-10
26.5	6.70268E-10
26.6	6.71366E-10
26.7	6.73456E-10
26.8	6.77464E-10
26.9	6.76252E-10
27	6.81566E-10
27.1	6.8164E-10
27.2	6.8656E-10
27.3	6.8698E-10
27.4	6.90232E-10
27.5	6.89618E-10
27.6	6.91754E-10
27.7	6.94698E-10
27.8	6.97366E-10
27.9	6.99642E-10
28	7.01452E-10
28.1	7.04412E-10
28.2	7.04864E-10
28.3	7.06986E-10
28.4	7.08746E-10
28.5	7.09286E-10
28.6	7.14872E-10
28.7	7.1628E-10
28.8	7.18504E-10
28.9	7.13564E-10
29	7.20682E-10
29.1	7.2143E-10
29.2	7.26704E-10
29.3	7.2871E-10
29.4	7.26998E-10
29.5	7.31088E-10
29.6	7.2803E-10
29.7	7.30368E-10
29.8	7.29372E-10
29.9	7.2977E-10
30	7.30112E-10
30.1	7.30648E-10
30.2	7.3337E-10
30.3	7.35278E-10
30.4	7.34696E-10
30.5	7.39824E-10
30.6	7.39624E-10
30.7	7.42642E-10
30.8	7.43452E-10
30.9	7.44372E-10
31	7.4591E-10
31.1	7.48624E-10
31.2	7.4927E-10
31.3	7.50362E-10
31.4	7.51588E-10
31.5	7.57548E-10
31.6	7.57332E-10
31.7	7.57792E-10
31.8	7.5809E-10
31.9	7.6107E-10
32	7.66084E-10
32.1	7.68354E-10
32.2	7.67934E-10
32.3	7.6885E-10
32.4	7.70694E-10
32.5	7.74136E-10
32.6	7.74606E-10
32.7	7.78668E-10
32.8	7.76526E-10
32.9	7.80756E-10
33	7.85562E-10
33.1	7.84944E-10
33.2	7.86504E-10
33.3	7.88466E-10
33.4	7.92788E-10
33.5	7.91558E-10
33.6	7.93616E-10
33.7	7.97128E-10
33.8	8.01144E-10
33.9	8.00932E-10
34	8.02682E-10
34.1	8.02512E-10
34.2	8.08756E-10
34.3	8.0966E-10
34.4	8.11358E-10
34.5	8.12272E-10
34.6	8.14298E-10
34.7	8.19306E-10
34.8	8.20374E-10
34.9	8.20722E-10
35	8.20772E-10
35.1	8.25906E-10
35.2	8.28116E-10
35.3	8.2907E-10
35.4	8.29096E-10
35.5	8.35428E-10
35.6	8.35604E-10
35.7	8.3894E-10
35.8	8.40416E-10
35.9	8.42506E-10
36	8.4606E-10
36.1	8.46088E-10
36.2	8.47972E-10
36.3	8.50092E-10
36.4	8.52408E-10
36.5	8.5513E-10
36.6	8.56512E-10
36.7	8.58354E-10
36.8	8.58316E-10
36.9	8.63592E-10
37	8.65046E-10
37.1	8.6539E-10
37.2	8.6746E-10
37.3	8.71554E-10
37.4	8.7382E-10
37.5	8.75816E-10
37.6	8.7541E-10
37.7	8.7895E-10
37.8	8.80344E-10
37.9	8.82818E-10
38	8.86102E-10
38.1	8.8519E-10
38.2	8.88004E-10
38.3	8.92092E-10
38.4	8.9416E-10
38.5	8.99866E-10
38.6	9.0047E-10
38.7	9.03168E-10
38.8	9.02388E-10
38.9	9.03538E-10
39	9.08538E-10
39.1	9.1267E-10
39.2	9.12078E-10
39.3	9.1117E-10
39.4	9.16478E-10
39.5	9.1918E-10
39.6	9.19998E-10
39.7	9.20258E-10
39.8	9.24246E-10
39.9	9.24834E-10
40	9.27704E-10
40.1	9.2963E-10
40.2	9.30972E-10
40.3	9.33908E-10
40.4	9.37716E-10
40.5	9.39962E-10
40.6	9.41924E-10
40.7	9.4125E-10
40.8	9.4491E-10
40.9	9.49504E-10
41	9.50954E-10
41.1	9.49964E-10
41.2	9.55488E-10
41.3	9.55114E-10
41.4	9.58392E-10
41.5	9.59674E-10
41.6	9.60022E-10
41.7	9.62352E-10
41.8	9.66302E-10
41.9	9.68686E-10
42	9.70966E-10
42.1	9.73836E-10
42.2	9.75248E-10
42.3	9.7516E-10
42.4	9.83368E-10
42.5	9.8352E-10
42.6	9.87646E-10
42.7	9.8908E-10
42.8	9.9398E-10
42.9	1.00138E-09
43	1.00592E-09
43.1	1.01052E-09
43.2	1.01526E-09
43.3	1.02046E-09
43.4	1.02102E-09
43.5	1.02492E-09
43.6	1.02874E-09
43.7	1.03184E-09
43.8	1.03538E-09
43.9	1.03608E-09
44	1.03794E-09
44.1	1.04374E-09
44.2	1.04666E-09
44.3	1.0489E-09
44.4	1.05156E-09
44.5	1.05488E-09
44.6	1.05992E-09
44.7	1.05926E-09
44.8	1.06274E-09
44.9	1.06818E-09
45	1.07106E-09
45.1	1.07064E-09
45.2	1.074E-09
45.3	1.0759E-09
45.4	1.07876E-09
45.5	1.08168E-09
45.6	1.08298E-09
45.7	1.08868E-09
45.8	1.09282E-09
45.9	1.09206E-09
46	1.0942E-09
46.1	1.0988E-09
46.2	1.1002E-09
46.3	1.1028E-09
46.4	1.10434E-09
46.5	1.10658E-09
46.6	1.11068E-09
46.7	1.11068E-09
46.8	1.11418E-09
46.9	1.11978E-09
47	1.12202E-09
47.1	1.12476E-09
47.2	1.12518E-09
47.3	1.12662E-09
47.4	1.13154E-09
47.5	1.13186E-09
47.6	1.13384E-09
47.7	1.14008E-09
47.8	1.14238E-09
47.9	1.1424E-09
48	1.14426E-09
48.1	1.14688E-09
48.2	1.15E-09
48.3	1.15304E-09
48.4	1.15576E-09
48.5	1.15836E-09
48.6	1.16018E-09
48.7	1.16164E-09
48.8	1.16628E-09
48.9	1.16738E-09
49	1.16884E-09
49.1	1.17182E-09
49.2	1.17152E-09
49.3	1.17536E-09
49.4	1.18094E-09
49.5	1.18342E-09
49.6	1.18518E-09
49.7	1.1862E-09
49.8	1.18836E-09
49.9	1.19214E-09
50	1.1933E-09
50.1	1.19524E-09
50.2	1.19864E-09
50.3	1.20348E-09
50.4	1.2043E-09
50.5	1.20606E-09
50.6	1.20886E-09
50.7	1.21276E-09
50.8	1.2161E-09
50.9	1.21568E-09
51	1.21796E-09
51.1	1.22074E-09
51.2	1.2236E-09
51.3	1.22404E-09
51.4	1.22768E-09
51.5	1.23084E-09
51.6	1.23374E-09
51.7	1.2337E-09
51.8	1.23402E-09
51.9	1.23688E-09
52	1.24358E-09
52.1	1.24352E-09
52.2	1.2472E-09
52.3	1.24866E-09
52.4	1.25256E-09
52.5	1.25494E-09
52.6	1.2546E-09
52.7	1.25654E-09
52.8	1.26118E-09
52.9	1.2638E-09
53	1.26304E-09
53.1	1.26744E-09
53.2	1.27054E-09
53.3	1.27446E-09
53.4	1.2757E-09
53.5	1.2779E-09
53.6	1.28236E-09
53.7	1.28E-09
53.8	1.28074E-09
53.9	1.28592E-09
54	1.28912E-09
54.1	1.29158E-09
54.2	1.2932E-09
54.3	1.29336E-09
54.4	1.29916E-09
54.5	1.30206E-09
54.6	1.30072E-09
54.7	1.30502E-09
54.8	1.31034E-09
54.9	1.3105E-09
55	1.31168E-09
55.1	1.31412E-09
55.2	1.31892E-09
55.3	1.3214E-09
55.4	1.33508E-09
55.5	1.33996E-09
55.6	1.34636E-09
55.7	1.34752E-09
55.8	1.34998E-09
55.9	1.35542E-09
56	1.35758E-09
56.1	1.35976E-09
56.2	1.35974E-09
56.3	1.35804E-09
56.4	1.3612E-09
56.5	1.36608E-09
56.6	1.36782E-09
56.7	1.36842E-09
56.8	1.37074E-09
56.9	1.37252E-09
57	1.3752E-09
57.1	1.37582E-09
57.2	1.37778E-09
57.3	1.3814E-09
57.4	1.38174E-09
57.5	1.38174E-09
57.6	1.38408E-09
57.7	1.38812E-09
57.8	1.39224E-09
57.9	1.39224E-09
58	1.39454E-09
58.1	1.39726E-09
58.2	1.39984E-09
58.3	1.4026E-09
58.4	1.40526E-09
58.5	1.40498E-09
58.6	1.4109E-09
58.7	1.4095E-09
58.8	1.41194E-09
58.9	1.41544E-09
59	1.41726E-09
59.1	1.41794E-09
59.2	1.42184E-09
59.3	1.4236E-09
59.4	1.42928E-09
59.5	1.43274E-09
59.6	1.43078E-09
59.7	1.4328E-09
59.8	1.43708E-09
59.9	1.43528E-09
60	1.4368E-09
60.1	1.43962E-09
60.2	1.44442E-09
60.3	1.44798E-09
60.4	1.44988E-09
60.5	1.45074E-09
60.6	1.45526E-09
60.7	1.455E-09
60.8	1.4592E-09
60.9	1.46E-09
61	1.46264E-09
61.1	1.4677E-09
61.2	1.4662E-09
61.3	1.46898E-09
61.4	1.4718E-09
61.5	1.47444E-09
61.6	1.4752E-09
61.7	1.47644E-09
61.8	1.48002E-09
61.9	1.48118E-09
62	1.48446E-09
62.1	1.48652E-09
62.2	1.4918E-09
62.3	1.49486E-09
62.4	1.49418E-09
62.5	1.49436E-09
62.6	1.50162E-09
62.7	1.50164E-09
62.8	1.50262E-09
62.9	1.5026E-09
63	1.50722E-09
63.1	1.51396E-09
63.2	1.51228E-09
63.3	1.51158E-09
63.4	1.5159E-09
63.5	1.52114E-09
63.6	1.52258E-09
63.7	1.52094E-09
63.8	1.5243E-09
63.9	1.53068E-09
64	1.53118E-09
64.1	1.53084E-09
64.2	1.5326E-09
64.3	1.53868E-09
64.4	1.53954E-09
64.5	1.53748E-09
64.6	1.54102E-09
64.7	1.54334E-09
64.8	1.54974E-09
64.9	1.54842E-09
65	1.5512E-09
65.1	1.55714E-09
65.2	1.558E-09
65.3	1.55824E-09
65.4	1.55952E-09
65.5	1.56504E-09
65.6	1.56658E-09
65.7	1.56354E-09
65.8	1.5696E-09
65.9	1.57348E-09
66	1.57528E-09
66.1	1.57578E-09
66.2	1.57876E-09
66.3	1.58172E-09
66.4	1.58432E-09
66.5	1.58722E-09
66.6	1.58888E-09
66.7	1.5894E-09
66.8	1.59648E-09
66.9	1.59496E-09
67	1.59418E-09
67.1	1.60134E-09
67.2	1.59998E-09
67.3	1.60352E-09
67.4	1.60596E-09
67.5	1.609E-09
67.6	1.6129E-09
67.7	1.61314E-09
67.8	1.61412E-09
67.9	1.61848E-09
68	1.62204E-09
68.1	1.62354E-09
68.2	1.62436E-09
68.3	1.62576E-09
68.4	1.6302E-09
68.5	1.63656E-09
68.6	1.63888E-09
68.7	1.64134E-09
68.8	1.6425E-09
68.9	1.6426E-09
69	1.6443E-09
69.1	1.65076E-09
69.2	1.64734E-09
69.3	1.6517E-09
69.4	1.65504E-09
69.5	1.6518E-09
69.6	1.66114E-09
69.7	1.66314E-09
69.8	1.6636E-09
69.9	1.66814E-09
70	1.6701E-09
70.1	1.6741E-09
70.2	1.6724E-09
70.3	1.67568E-09
70.4	1.68028E-09
70.5	1.68072E-09
70.6	1.68328E-09
70.7	1.68286E-09
70.8	1.68818E-09
70.9	1.69172E-09
71	1.69232E-09
71.1	1.69328E-09
71.2	1.69852E-09
71.3	1.7017E-09
71.4	1.69994E-09
71.5	1.70406E-09
71.6	1.70656E-09
71.7	1.70778E-09
71.8	1.70974E-09
71.9	1.7121E-09
72	1.71366E-09
72.1	1.71772E-09
72.2	1.72014E-09
72.3	1.72224E-09
72.4	1.72606E-09
72.5	1.72816E-09
72.6	1.72966E-09
72.7	1.7316E-09
72.8	1.7318E-09
72.9	1.73598E-09
73	1.74094E-09
73.1	1.73722E-09
73.2	1.74412E-09
73.3	1.7485E-09
73.4	1.74792E-09
73.5	1.75224E-09
73.6	1.75484E-09
73.7	1.75604E-09
73.8	1.75662E-09
73.9	1.76008E-09
74	1.75908E-09
74.1	1.76458E-09
74.2	1.76396E-09
74.3	1.76938E-09
74.4	1.76772E-09
74.5	1.77372E-09
74.6	1.77672E-09
74.7	1.77674E-09
74.8	1.7776E-09
74.9	1.78512E-09
75	1.78848E-09
75.1	1.78784E-09
75.2	1.79142E-09
75.3	1.7904E-09
75.4	1.79226E-09
75.5	1.7965E-09
75.6	1.79624E-09
75.7	1.80124E-09
75.8	1.8042E-09
75.9	1.8059E-09
76	1.80852E-09
76.1	1.81006E-09
76.2	1.81484E-09
76.3	1.8186E-09
76.4	1.81748E-09
76.5	1.81872E-09
76.6	1.82134E-09
76.7	1.82134E-09
76.8	1.82616E-09
76.9	1.8283E-09
77	1.83E-09
77.1	1.83432E-09
77.2	1.83628E-09
77.3	1.83678E-09
77.4	1.84082E-09
77.5	1.84398E-09
77.6	1.84496E-09
77.7	1.84938E-09
77.8	1.85232E-09
77.9	1.8523E-09
78	1.85498E-09
78.1	1.85534E-09
78.2	1.85792E-09
78.3	1.85998E-09
78.4	1.86066E-09
78.5	1.86412E-09
78.6	1.87068E-09
78.7	1.87078E-09
78.8	1.87316E-09
78.9	1.87572E-09
79	1.87866E-09
79.1	1.88262E-09
79.2	1.88302E-09
79.3	1.88474E-09
79.4	1.88874E-09
79.5	1.89312E-09
79.6	1.89536E-09
79.7	1.8953E-09
79.8	1.89606E-09
79.9	1.8989E-09
80	1.90072E-09
80.1	1.90102E-09
80.2	1.90672E-09
80.3	1.9102E-09
80.4	1.9102E-09
80.5	1.91426E-09
80.6	1.9143E-09
80.7	1.91716E-09
80.8	1.9215E-09
80.9	1.92016E-09
81	1.92094E-09
81.1	1.92608E-09
81.2	1.92612E-09
81.3	1.93186E-09
81.4	1.93538E-09
81.5	1.93804E-09
81.6	1.94492E-09
81.7	1.94342E-09
81.8	1.94276E-09
81.9	1.9458E-09
82	1.95046E-09
82.1	1.94748E-09
82.2	1.9522E-09
82.3	1.95496E-09
82.4	1.95674E-09
82.5	1.95688E-09
82.6	1.95758E-09
82.7	1.96682E-09
82.8	1.96958E-09
82.9	1.97172E-09
83	1.9703E-09
83.1	1.97346E-09
83.2	1.9824E-09
83.3	1.98042E-09
83.4	1.9826E-09
83.5	1.98346E-09
83.6	1.98674E-09
83.7	1.98736E-09
83.8	1.9865E-09
83.9	1.99372E-09
84	2.00056E-09
84.1	2.00304E-09
84.2	2.00166E-09
84.3	2.00234E-09
84.4	2.00486E-09
84.5	2.0086E-09
84.6	2.00736E-09
84.7	2.00934E-09
84.8	2.01878E-09
84.9	2.02176E-09
85	2.01956E-09
85.1	2.02248E-09
85.2	2.02516E-09
85.3	2.0311E-09
85.4	2.03104E-09
85.5	2.03268E-09
85.6	2.03754E-09
85.7	2.03748E-09
85.8	2.03856E-09
85.9	2.04064E-09
86	2.04416E-09
86.1	2.04712E-09
86.2	2.04982E-09
86.3	2.05102E-09
86.4	2.05326E-09
86.5	2.05886E-09
86.6	2.05868E-09
86.7	2.06314E-09
86.8	2.06732E-09
86.9	2.0694E-09
87	2.06714E-09
87.1	2.0663E-09
87.2	2.0684E-09
87.3	2.07512E-09
87.4	2.07564E-09
87.5	2.07596E-09
87.6	2.08388E-09
87.7	2.08722E-09
87.8	2.09114E-09
87.9	2.09124E-09
88	2.09162E-09
88.1	2.09374E-09
88.2	2.09714E-09
88.3	2.09684E-09
88.4	2.09898E-09
88.5	2.10166E-09
88.6	2.1085E-09
88.7	2.1121E-09
88.8	2.11556E-09
88.9	2.11524E-09
89	2.11916E-09
89.1	2.11914E-09
89.2	2.12066E-09
89.3	2.12298E-09
89.4	2.12782E-09
89.5	2.12782E-09
89.6	2.12876E-09
89.7	2.1299E-09
89.8	2.13636E-09
89.9	2.13928E-09
90	2.14136E-09
90.1	2.1414E-09
90.2	2.14948E-09
90.3	2.14752E-09
90.4	2.14536E-09
90.5	2.15232E-09
90.6	2.15764E-09
90.7	2.1572E-09
90.8	2.15766E-09
90.9	2.15842E-09
91	2.16308E-09
91.1	2.16788E-09
91.2	2.16748E-09
91.3	2.17166E-09
91.4	2.17102E-09
91.5	2.17648E-09
91.6	2.17668E-09
91.7	2.17694E-09
91.8	2.18532E-09
91.9	2.1879E-09
92	2.18788E-09
92.1	2.1886E-09
92.2	2.19458E-09
92.3	2.1954E-09
92.4	2.19846E-09
92.5	2.19918E-09
92.6	2.20286E-09
92.7	2.20674E-09
92.8	2.20546E-09
92.9	2.2067E-09
93	2.21306E-09
93.1	2.21822E-09
93.2	2.21642E-09
93.3	2.21972E-09
93.4	2.2205E-09
93.5	2.22222E-09
93.6	2.22562E-09
93.7	2.22622E-09
93.8	2.22766E-09
93.9	2.23504E-09
94	2.23404E-09
94.1	2.23866E-09
94.2	2.24118E-09
94.3	2.2431E-09
94.4	2.24684E-09
94.5	2.24682E-09
94.6	2.24946E-09
94.7	2.25308E-09
94.8	2.25444E-09
94.9	2.2567E-09
95	2.26016E-09
95.1	2.26166E-09
95.2	2.26368E-09
95.3	2.26474E-09
95.4	2.26554E-09
95.5	2.27402E-09
95.6	2.27748E-09
95.7	2.2726E-09
95.8	2.2811E-09
95.9	2.28168E-09
96	2.28614E-09
96.1	2.28534E-09
96.2	2.28464E-09
96.3	2.28446E-09
96.4	2.29136E-09
96.5	2.29554E-09
96.6	2.29418E-09
96.7	2.29566E-09
96.8	2.30554E-09
96.9	2.30904E-09
97	2.30336E-09
97.1	2.31012E-09
97.2	2.31676E-09
97.3	2.31704E-09
97.4	2.3154E-09
97.5	2.32284E-09
97.6	2.32554E-09
97.7	2.32548E-09
97.8	2.3256E-09
97.9	2.33032E-09
98	2.33194E-09
98.1	2.3324E-09
98.2	2.33244E-09
98.3	2.3397E-09
98.4	2.34616E-09
98.5	2.34654E-09
98.6	2.34666E-09
98.7	2.35078E-09
98.8	2.35354E-09
98.9	2.35382E-09
99	2.35692E-09
99.1	2.35836E-09
99.2	2.35972E-09
99.3	2.362E-09
99.4	2.36054E-09
99.5	2.36788E-09
99.6	2.37024E-09
99.7	2.37018E-09
99.8	2.37466E-09
99.9	2.37682E-09
100	2.38336E-09
