BG_V	BG_I
0	-4.626E-11
0.1	-2.0138E-11
0.2	-2.594E-12
0.3	1.1468E-11
0.4	2.3846E-11
0.5	3.5888E-11
0.6	4.7032E-11
0.7	5.5252E-11
0.8	6.743E-11
0.9	7.9454E-11
1	8.9164E-11
1.1	9.4626E-11
1.2	1.032E-10
1.3	1.11974E-10
1.4	1.23928E-10
1.5	1.27994E-10
1.6	1.37076E-10
1.7	1.4435E-10
1.8	1.52302E-10
1.9	1.59516E-10
2	1.65916E-10
2.1	1.7421E-10
2.2	1.8131E-10
2.3	1.91034E-10
2.4	1.95132E-10
2.5	2.04148E-10
2.6	2.08368E-10
2.7	2.15562E-10
2.8	2.23774E-10
2.9	2.28406E-10
3	2.36224E-10
3.1	2.42714E-10
3.2	2.49424E-10
3.3	2.55982E-10
3.4	2.63074E-10
3.5	2.70076E-10
3.6	2.7418E-10
3.7	2.82742E-10
3.8	2.8908E-10
3.9	2.95088E-10
4	3.01232E-10
4.1	3.06826E-10
4.2	3.13964E-10
4.3	3.19344E-10
4.4	3.25752E-10
4.5	3.32286E-10
4.6	3.37338E-10
4.7	3.42402E-10
4.8	3.51054E-10
4.9	3.5642E-10
5	3.61648E-10
5.1	3.69866E-10
5.2	3.75288E-10
5.3	3.79838E-10
5.4	3.87672E-10
5.5	3.92362E-10
5.6	3.993E-10
5.7	4.05048E-10
5.8	4.09886E-10
5.9	4.16656E-10
6	4.23338E-10
6.1	4.2949E-10
6.2	4.36028E-10
6.3	4.41788E-10
6.4	4.47522E-10
6.5	4.52684E-10
6.6	4.596E-10
6.7	4.66018E-10
6.8	4.7118E-10
6.9	4.76698E-10
7	4.81508E-10
7.1	4.87024E-10
7.2	4.9364E-10
7.3	4.97426E-10
7.4	5.02472E-10
7.5	5.08982E-10
7.6	5.18326E-10
7.7	5.21156E-10
7.8	5.25704E-10
7.9	5.3503E-10
8	5.40538E-10
8.1	5.43338E-10
8.2	5.5111E-10
8.3	5.54572E-10
8.4	5.62246E-10
8.5	5.68782E-10
8.6	5.7265E-10
8.7	5.76936E-10
8.8	5.76184E-10
8.9	5.75742E-10
9	5.80394E-10
9.1	5.81112E-10
9.2	5.83118E-10
9.3	5.86986E-10
9.4	5.90602E-10
9.5	5.93182E-10
9.6	5.9804E-10
9.7	6.00828E-10
9.8	6.05748E-10
9.9	6.10278E-10
10	6.15742E-10
10.1	6.19214E-10
10.2	6.24036E-10
10.3	6.2957E-10
10.4	6.33192E-10
10.5	6.3601E-10
10.6	6.4026E-10
10.7	6.45756E-10
10.8	6.51712E-10
10.9	6.54632E-10
11	6.60048E-10
11.1	6.647E-10
11.2	6.68424E-10
11.3	6.76156E-10
11.4	6.78916E-10
11.5	6.83508E-10
11.6	6.91754E-10
11.7	6.92362E-10
11.8	6.98604E-10
11.9	7.0278E-10
12	7.08706E-10
12.1	7.13586E-10
12.2	7.1853E-10
12.3	7.23808E-10
12.4	7.2971E-10
12.5	7.31982E-10
12.6	7.37694E-10
12.7	7.43978E-10
12.8	7.49252E-10
12.9	7.54206E-10
13	7.59966E-10
13.1	7.63826E-10
13.2	7.65626E-10
13.3	7.72198E-10
13.4	7.76896E-10
13.5	7.8314E-10
13.6	7.87652E-10
13.7	7.912E-10
13.8	7.95832E-10
13.9	8.0197E-10
14	8.0688E-10
14.1	8.1127E-10
14.2	8.17238E-10
14.3	8.23586E-10
14.4	8.28058E-10
14.5	8.31292E-10
14.6	8.35754E-10
14.7	8.41844E-10
14.8	8.48434E-10
14.9	8.53964E-10
15	8.56084E-10
15.1	8.61854E-10
15.2	8.6681E-10
15.3	8.73262E-10
15.4	8.78726E-10
15.5	8.8454E-10
15.6	8.98072E-10
15.7	8.97324E-10
15.8	9.01214E-10
15.9	9.05288E-10
16	9.10548E-10
16.1	9.17786E-10
16.2	9.19272E-10
16.3	9.26042E-10
16.4	9.316E-10
16.5	9.42202E-10
16.6	9.44098E-10
16.7	9.46836E-10
16.8	9.51318E-10
16.9	9.56464E-10
17	9.61478E-10
17.1	9.68708E-10
17.2	9.69476E-10
17.3	9.73466E-10
17.4	9.832E-10
17.5	9.965E-10
17.6	1.00862E-09
17.7	1.01756E-09
17.8	1.02722E-09
17.9	1.03478E-09
18	1.0423E-09
18.1	1.0499E-09
18.2	1.0586E-09
18.3	1.06582E-09
18.4	1.07226E-09
18.5	1.07908E-09
18.6	1.09012E-09
18.7	1.09582E-09
18.8	1.1028E-09
18.9	1.11022E-09
19	1.11456E-09
19.1	1.12176E-09
19.2	1.12906E-09
19.3	1.13574E-09
19.4	1.14012E-09
19.5	1.14664E-09
19.6	1.15414E-09
19.7	1.16022E-09
19.8	1.16816E-09
19.9	1.17226E-09
20	1.17946E-09
20.1	1.18546E-09
20.2	1.19128E-09
20.3	1.19806E-09
20.4	1.20474E-09
20.5	1.21006E-09
20.6	1.21662E-09
20.7	1.2228E-09
20.8	1.22972E-09
20.9	1.23456E-09
21	1.24106E-09
21.1	1.24572E-09
21.2	1.25302E-09
21.3	1.25776E-09
21.4	1.26354E-09
21.5	1.2741E-09
21.6	1.27466E-09
21.7	1.28138E-09
21.8	1.28556E-09
21.9	1.29144E-09
22	1.29782E-09
22.1	1.3025E-09
22.2	1.31156E-09
22.3	1.31782E-09
22.4	1.32236E-09
22.5	1.32876E-09
22.6	1.33398E-09
22.7	1.34216E-09
22.8	1.34554E-09
22.9	1.35072E-09
23	1.35668E-09
23.1	1.36358E-09
23.2	1.3675E-09
23.3	1.37314E-09
23.4	1.37932E-09
23.5	1.38696E-09
23.6	1.39122E-09
23.7	1.39364E-09
23.8	1.40258E-09
23.9	1.40734E-09
24	1.41432E-09
24.1	1.421E-09
24.2	1.42528E-09
24.3	1.43236E-09
24.4	1.43806E-09
24.5	1.44576E-09
24.6	1.45048E-09
24.7	1.45492E-09
24.8	1.46358E-09
24.9	1.46664E-09
25	1.47426E-09
25.1	1.47964E-09
25.2	1.48402E-09
25.3	1.4908E-09
25.4	1.49846E-09
25.5	1.5048E-09
25.6	1.51058E-09
25.7	1.51554E-09
25.8	1.5206E-09
25.9	1.52522E-09
26	1.53252E-09
26.1	1.53704E-09
26.2	1.5391E-09
26.3	1.54574E-09
26.4	1.5506E-09
26.5	1.55952E-09
26.6	1.56474E-09
26.7	1.56972E-09
26.8	1.57772E-09
26.9	1.58496E-09
27	1.58644E-09
27.1	1.59226E-09
27.2	1.60168E-09
27.3	1.60452E-09
27.4	1.61028E-09
27.5	1.61364E-09
27.6	1.62064E-09
27.7	1.6257E-09
27.8	1.63202E-09
27.9	1.63438E-09
28	1.64094E-09
28.1	1.64752E-09
28.2	1.6531E-09
28.3	1.65898E-09
28.4	1.664E-09
28.5	1.67172E-09
28.6	1.67612E-09
28.7	1.68262E-09
28.8	1.68798E-09
28.9	1.6924E-09
29	1.69744E-09
29.1	1.70494E-09
29.2	1.70916E-09
29.3	1.7151E-09
29.4	1.7223E-09
29.5	1.7279E-09
29.6	1.73194E-09
29.7	1.73582E-09
29.8	1.74394E-09
29.9	1.74894E-09
30	1.75414E-09
30.1	1.75826E-09
30.2	1.76374E-09
30.3	1.77044E-09
30.4	1.774E-09
30.5	1.78284E-09
30.6	1.78708E-09
30.7	1.79074E-09
30.8	1.79468E-09
30.9	1.80132E-09
31	1.80586E-09
31.1	1.81188E-09
31.2	1.81818E-09
31.3	1.82238E-09
31.4	1.83106E-09
31.5	1.8368E-09
31.6	1.84164E-09
31.7	1.846E-09
31.8	1.85464E-09
31.9	1.85746E-09
32	1.86476E-09
32.1	1.8682E-09
32.2	1.87098E-09
32.3	1.87864E-09
32.4	1.88274E-09
32.5	1.88528E-09
32.6	1.89124E-09
32.7	1.89692E-09
32.8	1.90382E-09
32.9	1.90748E-09
33	1.9144E-09
33.1	1.91994E-09
33.2	1.92434E-09
33.3	1.932E-09
33.4	1.93782E-09
33.5	1.9446E-09
33.6	1.94876E-09
33.7	1.9521E-09
33.8	1.95924E-09
33.9	1.96302E-09
34	1.96798E-09
34.1	1.97176E-09
34.2	1.97952E-09
34.3	1.98374E-09
34.4	1.98996E-09
34.5	1.99912E-09
34.6	2.0036E-09
34.7	2.00786E-09
34.8	2.0143E-09
34.9	2.01834E-09
35	2.02154E-09
35.1	2.03094E-09
35.2	2.03432E-09
35.3	2.03852E-09
35.4	2.04522E-09
35.5	2.04932E-09
35.6	2.0573E-09
35.7	2.06224E-09
35.8	2.0684E-09
35.9	2.07582E-09
36	2.08096E-09
36.1	2.08646E-09
36.2	2.09002E-09
36.3	2.09448E-09
36.4	2.10414E-09
36.5	2.10946E-09
36.6	2.11266E-09
36.7	2.118E-09
36.8	2.12368E-09
36.9	2.12892E-09
37	2.1326E-09
37.1	2.1399E-09
37.2	2.14618E-09
37.3	2.15294E-09
37.4	2.15776E-09
37.5	2.16248E-09
37.6	2.16954E-09
37.7	2.17598E-09
37.8	2.17838E-09
37.9	2.18472E-09
38	2.18808E-09
38.1	2.19244E-09
38.2	2.2011E-09
38.3	2.20568E-09
38.4	2.21222E-09
38.5	2.21834E-09
38.6	2.22522E-09
38.7	2.22562E-09
38.8	2.2351E-09
38.9	2.24208E-09
39	2.24654E-09
39.1	2.2507E-09
39.2	2.25628E-09
39.3	2.26392E-09
39.4	2.26814E-09
39.5	2.27324E-09
39.6	2.27748E-09
39.7	2.28458E-09
39.8	2.29112E-09
39.9	2.29396E-09
40	2.29772E-09
40.1	2.30496E-09
40.2	2.31186E-09
40.3	2.31784E-09
40.4	2.32112E-09
40.5	2.32806E-09
40.6	2.3372E-09
40.7	2.34136E-09
40.8	2.34394E-09
40.9	2.35166E-09
41	2.3551E-09
41.1	2.36362E-09
41.2	2.36534E-09
41.3	2.37062E-09
41.4	2.37798E-09
41.5	2.38252E-09
41.6	2.38636E-09
41.7	2.38968E-09
41.8	2.40034E-09
41.9	2.4076E-09
42	2.41074E-09
42.1	2.42076E-09
42.2	2.42308E-09
42.3	2.42986E-09
42.4	2.43434E-09
42.5	2.43556E-09
42.6	2.44354E-09
42.7	2.44772E-09
42.8	2.45228E-09
42.9	2.4595E-09
43	2.4642E-09
43.1	2.46882E-09
43.2	2.4758E-09
43.3	2.48284E-09
43.4	2.48746E-09
43.5	2.4938E-09
43.6	2.49874E-09
43.7	2.5026E-09
43.8	2.50828E-09
43.9	2.51414E-09
44	2.51762E-09
44.1	2.52154E-09
44.2	2.53056E-09
44.3	2.53468E-09
44.4	2.53894E-09
44.5	2.5442E-09
44.6	2.54932E-09
44.7	2.55732E-09
44.8	2.56226E-09
44.9	2.56486E-09
45	2.56772E-09
45.1	2.57514E-09
45.2	2.58046E-09
45.3	2.5843E-09
45.4	2.58888E-09
45.5	2.59364E-09
45.6	2.60296E-09
45.7	2.60952E-09
45.8	2.6104E-09
45.9	2.62138E-09
46	2.62406E-09
46.1	2.63028E-09
46.2	2.63418E-09
46.3	2.64424E-09
46.4	2.6495E-09
46.5	2.65512E-09
46.6	2.65688E-09
46.7	2.66168E-09
46.8	2.6738E-09
46.9	2.67668E-09
47	2.68298E-09
47.1	2.68624E-09
47.2	2.69432E-09
47.3	2.7013E-09
47.4	2.704E-09
47.5	2.70722E-09
47.6	2.71902E-09
47.7	2.72684E-09
47.8	2.7288E-09
47.9	2.73084E-09
48	2.7383E-09
48.1	2.74606E-09
48.2	2.74736E-09
48.3	2.75176E-09
48.4	2.76274E-09
48.5	2.76914E-09
48.6	2.77088E-09
48.7	2.77466E-09
48.8	2.78682E-09
48.9	2.79448E-09
49	2.79676E-09
49.1	2.8024E-09
49.2	2.80532E-09
49.3	2.81566E-09
49.4	2.81796E-09
49.5	2.8242E-09
49.6	2.8275E-09
49.7	2.83706E-09
49.8	2.84228E-09
49.9	2.84384E-09
50	2.84652E-09
50.1	2.8566E-09
50.2	2.8672E-09
50.3	2.86838E-09
50.4	2.87288E-09
50.5	2.88288E-09
50.6	2.88634E-09
50.7	2.89024E-09
50.8	2.89656E-09
50.9	2.90162E-09
51	2.90918E-09
51.1	2.914E-09
51.2	2.91762E-09
51.3	2.92812E-09
51.4	2.93034E-09
51.5	2.93788E-09
51.6	2.94026E-09
51.7	2.9468E-09
51.8	2.95766E-09
51.9	2.95962E-09
52	2.96298E-09
52.1	2.97026E-09
52.2	2.98062E-09
52.3	2.98326E-09
52.4	2.98716E-09
52.5	2.99486E-09
52.6	2.9977E-09
52.7	3.00436E-09
52.8	3.00686E-09
52.9	3.01134E-09
53	3.02114E-09
53.1	3.02504E-09
53.2	3.02734E-09
53.3	3.03556E-09
53.4	3.04228E-09
53.5	3.04712E-09
53.6	3.05524E-09
53.7	3.05746E-09
53.8	3.06862E-09
53.9	3.07342E-09
54	3.07966E-09
54.1	3.08254E-09
54.2	3.08882E-09
54.3	3.09366E-09
54.4	3.09754E-09
54.5	3.09846E-09
54.6	3.1058E-09
54.7	3.11676E-09
54.8	3.12366E-09
54.9	3.12796E-09
55	3.1335E-09
55.1	3.13886E-09
55.2	3.14312E-09
55.3	3.1426E-09
55.4	3.1527E-09
55.5	3.15938E-09
55.6	3.16256E-09
55.7	3.16486E-09
55.8	3.17254E-09
55.9	3.18216E-09
56	3.18658E-09
56.1	3.19118E-09
56.2	3.20146E-09
56.3	3.20652E-09
56.4	3.20914E-09
56.5	3.21282E-09
56.6	3.21944E-09
56.7	3.2289E-09
56.8	3.23034E-09
56.9	3.23118E-09
57	3.2384E-09
57.1	3.24628E-09
57.2	3.25202E-09
57.3	3.25548E-09
57.4	3.2646E-09
57.5	3.27182E-09
57.6	3.27918E-09
57.7	3.27986E-09
57.8	3.28476E-09
57.9	3.29076E-09
58	3.29962E-09
58.1	3.30304E-09
58.2	3.31104E-09
58.3	3.31466E-09
58.4	3.32358E-09
58.5	3.33158E-09
58.6	3.33422E-09
58.7	3.339E-09
58.8	3.34796E-09
58.9	3.34998E-09
59	3.35414E-09
59.1	3.36126E-09
59.2	3.35956E-09
59.3	3.36888E-09
59.4	3.37612E-09
59.5	3.38302E-09
59.6	3.39094E-09
59.7	3.39254E-09
59.8	3.39446E-09
59.9	3.40428E-09
60	3.41398E-09
60.1	3.4186E-09
60.2	3.4211E-09
60.3	3.42462E-09
60.4	3.43234E-09
60.5	3.44008E-09
60.6	3.43992E-09
60.7	3.45148E-09
60.8	3.4581E-09
60.9	3.46136E-09
61	3.46702E-09
61.1	3.46696E-09
61.2	3.47638E-09
61.3	3.4845E-09
61.4	3.48878E-09
61.5	3.4931E-09
61.6	3.49612E-09
61.7	3.5049E-09
61.8	3.50874E-09
61.9	3.51422E-09
62	3.52154E-09
62.1	3.53092E-09
62.2	3.53724E-09
62.3	3.5407E-09
62.4	3.55024E-09
62.5	3.55538E-09
62.6	3.56628E-09
62.7	3.56782E-09
62.8	3.57028E-09
62.9	3.57414E-09
63	3.58348E-09
63.1	3.58874E-09
63.2	3.5945E-09
63.3	3.60252E-09
63.4	3.60562E-09
63.5	3.61398E-09
63.6	3.62166E-09
63.7	3.62782E-09
63.8	3.63036E-09
63.9	3.63808E-09
64	3.6438E-09
64.1	3.64904E-09
64.2	3.65278E-09
64.3	3.65844E-09
64.4	3.6632E-09
64.5	3.6743E-09
64.6	3.67694E-09
64.7	3.68088E-09
64.8	3.68762E-09
64.9	3.69528E-09
65	3.70294E-09
65.1	3.7054E-09
65.2	3.71244E-09
65.3	3.7195E-09
65.4	3.72492E-09
65.5	3.7278E-09
65.6	3.73746E-09
65.7	3.74256E-09
65.8	3.75106E-09
65.9	3.75884E-09
66	3.76418E-09
66.1	3.77022E-09
66.2	3.77736E-09
66.3	3.77816E-09
66.4	3.78422E-09
66.5	3.79302E-09
66.6	3.79438E-09
66.7	3.80158E-09
66.8	3.80808E-09
66.9	3.81182E-09
67	3.82256E-09
67.1	3.8271E-09
67.2	3.8304E-09
67.3	3.84004E-09
67.4	3.8465E-09
67.5	3.85364E-09
67.6	3.86156E-09
67.7	3.86876E-09
67.8	3.87486E-09
67.9	3.8786E-09
68	3.88178E-09
68.1	3.8826E-09
68.2	3.89462E-09
68.3	3.90214E-09
68.4	3.90816E-09
68.5	3.91568E-09
68.6	3.92302E-09
68.7	3.93068E-09
68.8	3.93896E-09
68.9	3.94534E-09
69	3.94914E-09
69.1	3.9554E-09
69.2	3.95556E-09
69.3	3.96292E-09
69.4	3.9738E-09
69.5	3.97756E-09
69.6	3.98634E-09
69.7	3.99174E-09
69.8	4.00258E-09
69.9	4.00644E-09
70	4.01532E-09
70.1	4.01656E-09
70.2	4.0312E-09
70.3	4.03434E-09
70.4	4.04326E-09
70.5	4.05192E-09
70.6	4.0522E-09
70.7	4.06346E-09
70.8	4.06882E-09
70.9	4.06852E-09
71	4.07706E-09
71.1	4.08364E-09
71.2	4.08798E-09
71.3	4.09394E-09
71.4	4.09892E-09
71.5	4.10418E-09
71.6	4.11198E-09
71.7	4.1197E-09
71.8	4.11902E-09
71.9	4.13052E-09
72	4.13964E-09
72.1	4.13982E-09
72.2	4.14774E-09
72.3	4.1561E-09
72.4	4.16568E-09
72.5	4.16784E-09
72.6	4.17496E-09
72.7	4.18E-09
72.8	4.18784E-09
72.9	4.19566E-09
73	4.1999E-09
73.1	4.20668E-09
73.2	4.21202E-09
73.3	4.22112E-09
73.4	4.22498E-09
73.5	4.22994E-09
73.6	4.24192E-09
73.7	4.24662E-09
73.8	4.24978E-09
73.9	4.25678E-09
74	4.26562E-09
74.1	4.2718E-09
74.2	4.27786E-09
74.3	4.2839E-09
74.4	4.28936E-09
74.5	4.29568E-09
74.6	4.29986E-09
74.7	4.30448E-09
74.8	4.3133E-09
74.9	4.32144E-09
75	4.32634E-09
75.1	4.33462E-09
75.2	4.34094E-09
75.3	4.34862E-09
75.4	4.35518E-09
75.5	4.3587E-09
75.6	4.36986E-09
75.7	4.37382E-09
75.8	4.37746E-09
75.9	4.38768E-09
76	4.39158E-09
76.1	4.4013E-09
76.2	4.40712E-09
76.3	4.41E-09
76.4	4.41474E-09
76.5	4.42656E-09
76.6	4.4281E-09
76.7	4.43228E-09
76.8	4.44208E-09
76.9	4.44886E-09
77	4.45634E-09
77.1	4.46038E-09
77.2	4.46782E-09
77.3	4.47312E-09
77.4	4.47836E-09
77.5	4.4818E-09
77.6	4.48728E-09
77.7	4.49538E-09
77.8	4.52068E-09
77.9	4.52644E-09
78	4.53654E-09
78.1	4.54196E-09
78.2	4.54678E-09
78.3	4.55222E-09
78.4	4.55436E-09
78.5	4.56092E-09
78.6	4.56494E-09
78.7	4.57338E-09
78.8	4.58122E-09
78.9	4.5816E-09
79	4.59338E-09
79.1	4.6002E-09
79.2	4.60746E-09
79.3	4.60918E-09
79.4	4.61852E-09
79.5	4.61704E-09
79.6	4.63006E-09
79.7	4.63014E-09
79.8	4.63808E-09
79.9	4.64998E-09
80	4.64914E-09
80.1	4.65514E-09
80.2	4.6655E-09
80.3	4.67624E-09
80.4	4.6842E-09
80.5	4.68734E-09
80.6	4.69332E-09
80.7	4.6983E-09
80.8	4.7059E-09
80.9	4.70864E-09
81	4.72376E-09
81.1	4.72732E-09
81.2	4.73032E-09
81.3	4.7358E-09
81.4	4.74548E-09
81.5	4.7522E-09
81.6	4.76148E-09
81.7	4.76496E-09
81.8	4.77046E-09
81.9	4.77674E-09
82	4.7814E-09
82.1	4.7873E-09
82.2	4.79434E-09
82.3	4.79984E-09
82.4	4.80966E-09
82.5	4.81734E-09
82.6	4.82322E-09
82.7	4.83266E-09
82.8	4.83994E-09
82.9	4.84554E-09
83	4.8491E-09
83.1	4.85714E-09
83.2	4.86412E-09
83.3	4.86652E-09
83.4	4.87324E-09
83.5	4.8819E-09
83.6	4.88698E-09
83.7	4.89212E-09
83.8	4.89618E-09
83.9	4.90662E-09
84	4.91162E-09
84.1	4.91658E-09
84.2	4.92584E-09
84.3	4.93298E-09
84.4	4.94006E-09
84.5	4.94592E-09
84.6	4.95448E-09
84.7	4.95462E-09
84.8	4.96448E-09
84.9	4.97434E-09
85	4.97588E-09
85.1	4.98472E-09
85.2	4.98934E-09
85.3	4.99808E-09
85.4	5.01004E-09
85.5	5.01172E-09
85.6	5.01896E-09
85.7	5.02146E-09
85.8	5.02746E-09
85.9	5.03362E-09
86	5.0444E-09
86.1	5.04538E-09
86.2	5.05868E-09
86.3	5.05746E-09
86.4	5.06672E-09
86.5	5.06952E-09
86.6	5.0758E-09
86.7	5.0834E-09
86.8	5.09066E-09
86.9	5.09684E-09
87	5.10316E-09
87.1	5.10466E-09
87.2	5.11E-09
87.3	5.12008E-09
87.4	5.12586E-09
87.5	5.12964E-09
87.6	5.13948E-09
87.7	5.1367E-09
87.8	5.1453E-09
87.9	5.15258E-09
88	5.16198E-09
88.1	5.1643E-09
88.2	5.17844E-09
88.3	5.1804E-09
88.4	5.18694E-09
88.5	5.19438E-09
88.6	5.19068E-09
88.7	5.19998E-09
88.8	5.21412E-09
88.9	5.21792E-09
89	5.22416E-09
89.1	5.22888E-09
89.2	5.23278E-09
89.3	5.2416E-09
89.4	5.24804E-09
89.5	5.25004E-09
89.6	5.25876E-09
89.7	5.26234E-09
89.8	5.2685E-09
89.9	5.27134E-09
90	5.28202E-09
90.1	5.28896E-09
90.2	5.29498E-09
90.3	5.3109E-09
90.4	5.32482E-09
90.5	5.32566E-09
90.6	5.33224E-09
90.7	5.34448E-09
90.8	5.34732E-09
90.9	5.35588E-09
91	5.36068E-09
91.1	5.36178E-09
91.2	5.36844E-09
91.3	5.36954E-09
91.4	5.37964E-09
91.5	5.3901E-09
91.6	5.39738E-09
91.7	5.39692E-09
91.8	5.41016E-09
91.9	5.4159E-09
92	5.41208E-09
92.1	5.41794E-09
92.2	5.42696E-09
92.3	5.4323E-09
92.4	5.4363E-09
92.5	5.44188E-09
92.6	5.4526E-09
92.7	5.45818E-09
92.8	5.46992E-09
92.9	5.47058E-09
93	5.4834E-09
93.1	5.48656E-09
93.2	5.49052E-09
93.3	5.49228E-09
93.4	5.50708E-09
93.5	5.5014E-09
93.6	5.51738E-09
93.7	5.51764E-09
93.8	5.52E-09
93.9	5.53286E-09
94	5.53382E-09
94.1	5.53928E-09
94.2	5.55236E-09
94.3	5.55516E-09
94.4	5.55958E-09
94.5	5.5715E-09
94.6	5.57556E-09
94.7	5.5809E-09
94.8	5.5854E-09
94.9	5.59296E-09
95	5.60112E-09
95.1	5.6071E-09
95.2	5.6155E-09
95.3	5.61562E-09
95.4	5.62652E-09
95.5	5.63546E-09
95.6	5.64658E-09
95.7	5.6458E-09
95.8	5.65458E-09
95.9	5.65648E-09
96	5.66136E-09
96.1	5.66676E-09
96.2	5.67466E-09
96.3	5.68146E-09
96.4	5.68954E-09
96.5	5.692E-09
96.6	5.6934E-09
96.7	5.70324E-09
96.8	5.7147E-09
96.9	5.71542E-09
97	5.72258E-09
97.1	5.7332E-09
97.2	5.73744E-09
97.3	5.74282E-09
97.4	5.74648E-09
97.5	5.75194E-09
97.6	5.7587E-09
97.7	5.75946E-09
97.8	5.77162E-09
97.9	5.78148E-09
98	5.7867E-09
98.1	5.79866E-09
98.2	5.80738E-09
98.3	5.80836E-09
98.4	5.81312E-09
98.5	5.82546E-09
98.6	5.82154E-09
98.7	5.82856E-09
98.8	5.8404E-09
98.9	5.84114E-09
99	5.8503E-09
99.1	5.85664E-09
99.2	5.8653E-09
99.3	5.87468E-09
99.4	5.88118E-09
99.5	5.88108E-09
99.6	5.89612E-09
99.7	5.896E-09
99.8	5.89614E-09
99.9	5.90388E-09
100	5.91406E-09
