BG_V	BG_I
0	-2.7108E-10
0.1	-2.48824E-10
0.2	-2.29922E-10
0.3	-2.15424E-10
0.4	-2.01068E-10
0.5	-1.88048E-10
0.6	-1.7413E-10
0.7	-1.6386E-10
0.8	-1.5253E-10
0.9	-1.39958E-10
1	-1.30044E-10
1.1	-1.21352E-10
1.2	-1.11242E-10
1.3	-1.02208E-10
1.4	-9.1858E-11
1.5	-8.3166E-11
1.6	-7.3694E-11
1.7	-6.5668E-11
1.8	-5.679E-11
1.9	-4.7012E-11
2	-3.9456E-11
2.1	-3.099E-11
2.2	-2.3118E-11
2.3	-1.6094E-11
2.4	-9.34E-12
2.5	2.18E-13
2.6	6.132E-12
2.7	1.413E-11
2.8	2.1776E-11
2.9	2.926E-11
3	3.552E-11
3.1	4.263E-11
3.2	4.886E-11
3.3	5.5146E-11
3.4	6.154E-11
3.5	7.1104E-11
3.6	7.6074E-11
3.7	8.182E-11
3.8	8.9338E-11
3.9	9.4972E-11
4	1.03354E-10
4.1	1.0951E-10
4.2	1.15316E-10
4.3	1.22704E-10
4.4	1.2596E-10
4.5	1.34464E-10
4.6	1.40434E-10
4.7	1.4463E-10
4.8	1.52194E-10
4.9	1.56956E-10
5	1.63086E-10
5.1	1.68852E-10
5.2	1.74348E-10
5.3	1.81162E-10
5.4	1.86828E-10
5.5	1.90608E-10
5.6	1.96352E-10
5.7	2.01922E-10
5.8	2.08666E-10
5.9	2.1268E-10
6	2.19052E-10
6.1	2.23866E-10
6.2	2.308E-10
6.3	2.3542E-10
6.4	2.41694E-10
6.5	2.46124E-10
6.6	2.51168E-10
6.7	2.5618E-10
6.8	2.61284E-10
6.9	2.6543E-10
7	2.71982E-10
7.1	2.76696E-10
7.2	2.81278E-10
7.3	2.86134E-10
7.4	2.88556E-10
7.5	2.9647E-10
7.6	3.00212E-10
7.7	3.06196E-10
7.8	3.11094E-10
7.9	3.1445E-10
8	3.20444E-10
8.1	3.23932E-10
8.2	3.28132E-10
8.3	3.35178E-10
8.4	3.39578E-10
8.5	3.46328E-10
8.6	3.50642E-10
8.7	3.5361E-10
8.8	3.565E-10
8.9	3.64806E-10
9	3.6766E-10
9.1	3.74166E-10
9.2	3.77734E-10
9.3	3.82416E-10
9.4	3.88042E-10
9.5	3.9124E-10
9.6	3.93714E-10
9.7	4.0101E-10
9.8	4.04666E-10
9.9	4.08214E-10
10	4.12778E-10
10.1	4.18988E-10
10.2	4.23418E-10
10.3	4.25984E-10
10.4	4.30608E-10
10.5	4.36604E-10
10.6	4.41676E-10
10.7	4.45746E-10
10.8	4.47856E-10
10.9	4.52014E-10
11	4.57784E-10
11.1	4.61718E-10
11.2	4.66602E-10
11.3	4.70814E-10
11.4	4.74232E-10
11.5	4.78718E-10
11.6	4.85254E-10
11.7	4.89076E-10
11.8	4.93026E-10
11.9	4.97182E-10
12	5.00952E-10
12.1	5.04078E-10
12.2	5.08392E-10
12.3	5.13476E-10
12.4	5.163E-10
12.5	5.21142E-10
12.6	5.26332E-10
12.7	5.29746E-10
12.8	5.34712E-10
12.9	5.42486E-10
13	5.42768E-10
13.1	5.47672E-10
13.2	5.50244E-10
13.3	5.56026E-10
13.4	5.58058E-10
13.5	5.63138E-10
13.6	5.68354E-10
13.7	5.71742E-10
13.8	5.75764E-10
13.9	5.78964E-10
14	5.83706E-10
14.1	5.88064E-10
14.2	5.9374E-10
14.3	5.96088E-10
14.4	6.00596E-10
14.5	6.0366E-10
14.6	6.09532E-10
14.7	6.13468E-10
14.8	6.17756E-10
14.9	6.21472E-10
15	6.25774E-10
15.1	6.2794E-10
15.2	6.31602E-10
15.3	6.36526E-10
15.4	6.4017E-10
15.5	6.44244E-10
15.6	6.41738E-10
15.7	6.48688E-10
15.8	6.55932E-10
15.9	6.58462E-10
16	6.57728E-10
16.1	6.59242E-10
16.2	6.59508E-10
16.3	6.60486E-10
16.4	6.607E-10
16.5	6.64324E-10
16.6	6.65708E-10
16.7	6.68586E-10
16.8	6.69982E-10
16.9	6.73772E-10
17	6.76954E-10
17.1	6.80968E-10
17.2	6.84286E-10
17.3	6.86304E-10
17.4	6.91952E-10
17.5	6.9542E-10
17.6	6.97904E-10
17.7	6.99326E-10
17.8	7.02654E-10
17.9	7.06544E-10
18	7.12004E-10
18.1	7.1296E-10
18.2	7.1583E-10
18.3	7.19336E-10
18.4	7.2497E-10
18.5	7.28502E-10
18.6	7.3099E-10
18.7	7.3457E-10
18.8	7.37134E-10
18.9	7.41356E-10
19	7.45314E-10
19.1	7.4921E-10
19.2	7.52954E-10
19.3	7.5655E-10
19.4	7.58668E-10
19.5	7.60352E-10
19.6	7.65298E-10
19.7	7.70456E-10
19.8	7.7143E-10
19.9	7.75702E-10
20	7.79512E-10
20.1	7.83854E-10
20.2	7.8561E-10
20.3	7.90698E-10
20.4	7.92366E-10
20.5	7.98476E-10
20.6	8.03084E-10
20.7	8.06212E-10
20.8	8.07448E-10
20.9	8.11878E-10
21	8.16496E-10
21.1	8.18424E-10
21.2	8.22242E-10
21.3	8.28222E-10
21.4	8.30768E-10
21.5	8.33812E-10
21.6	8.3818E-10
21.7	8.4012E-10
21.8	8.431E-10
21.9	8.49082E-10
22	8.50494E-10
22.1	8.53292E-10
22.2	8.59406E-10
22.3	8.64042E-10
22.4	8.66792E-10
22.5	8.70022E-10
22.6	8.72662E-10
22.7	8.75176E-10
22.8	8.80514E-10
22.9	8.81644E-10
23	8.8983E-10
23.1	8.90066E-10
23.2	8.92904E-10
23.3	8.99008E-10
23.4	9.01092E-10
23.5	9.03594E-10
23.6	9.08806E-10
23.7	9.12162E-10
23.8	9.17082E-10
23.9	9.18448E-10
24	9.23402E-10
24.1	9.2756E-10
24.2	9.31178E-10
24.3	9.34268E-10
24.4	9.35626E-10
24.5	9.4124E-10
24.6	9.4612E-10
24.7	9.48758E-10
24.8	9.5313E-10
24.9	9.54864E-10
25	9.58038E-10
25.1	9.61664E-10
25.2	9.68232E-10
25.3	9.67594E-10
25.4	9.71832E-10
25.5	9.77914E-10
25.6	9.78512E-10
25.7	9.8408E-10
25.8	9.944E-10
25.9	1.005E-09
26	1.01254E-09
26.1	1.0172E-09
26.2	1.02192E-09
26.3	1.03146E-09
26.4	1.03784E-09
26.5	1.03976E-09
26.6	1.04758E-09
26.7	1.0546E-09
26.8	1.0587E-09
26.9	1.06174E-09
27	1.0687E-09
27.1	1.0741E-09
27.2	1.07748E-09
27.3	1.0824E-09
27.4	1.08862E-09
27.5	1.09032E-09
27.6	1.09638E-09
27.7	1.10116E-09
27.8	1.10458E-09
27.9	1.1086E-09
28	1.11442E-09
28.1	1.11908E-09
28.2	1.12386E-09
28.3	1.12596E-09
28.4	1.1314E-09
28.5	1.1357E-09
28.6	1.14158E-09
28.7	1.1455E-09
28.8	1.14984E-09
28.9	1.15496E-09
29	1.15848E-09
29.1	1.16092E-09
29.2	1.16886E-09
29.3	1.17274E-09
29.4	1.17608E-09
29.5	1.17866E-09
29.6	1.18296E-09
29.7	1.18784E-09
29.8	1.19082E-09
29.9	1.19432E-09
30	1.20008E-09
30.1	1.20456E-09
30.2	1.20776E-09
30.3	1.21408E-09
30.4	1.217E-09
30.5	1.22082E-09
30.6	1.22496E-09
30.7	1.22826E-09
30.8	1.23286E-09
30.9	1.238E-09
31	1.24188E-09
31.1	1.24368E-09
31.2	1.24876E-09
31.3	1.25426E-09
31.4	1.25506E-09
31.5	1.25918E-09
31.6	1.2631E-09
31.7	1.26788E-09
31.8	1.27326E-09
31.9	1.2791E-09
32	1.27958E-09
32.1	1.28312E-09
32.2	1.2896E-09
32.3	1.29202E-09
32.4	1.29614E-09
32.5	1.30018E-09
32.6	1.30402E-09
32.7	1.30756E-09
32.8	1.3128E-09
32.9	1.31562E-09
33	1.32206E-09
33.1	1.32302E-09
33.2	1.32804E-09
33.3	1.33078E-09
33.4	1.33712E-09
33.5	1.34078E-09
33.6	1.34154E-09
33.7	1.34604E-09
33.8	1.35308E-09
33.9	1.35634E-09
34	1.35816E-09
34.1	1.36206E-09
34.2	1.3664E-09
34.3	1.36928E-09
34.4	1.37244E-09
34.5	1.37934E-09
34.6	1.38322E-09
34.7	1.38694E-09
34.8	1.39196E-09
34.9	1.39304E-09
35	1.39936E-09
35.1	1.4013E-09
35.2	1.40474E-09
35.3	1.40752E-09
35.4	1.4116E-09
35.5	1.41572E-09
35.6	1.4195E-09
35.7	1.42526E-09
35.8	1.42906E-09
35.9	1.43392E-09
36	1.43492E-09
36.1	1.4375E-09
36.2	1.44414E-09
36.3	1.4477E-09
36.4	1.4511E-09
36.5	1.4548E-09
36.6	1.45812E-09
36.7	1.46188E-09
36.8	1.46594E-09
36.9	1.46976E-09
37	1.47494E-09
37.1	1.47928E-09
37.2	1.48144E-09
37.3	1.4879E-09
37.4	1.49012E-09
37.5	1.4916E-09
37.6	1.49752E-09
37.7	1.50148E-09
37.8	1.50312E-09
37.9	1.50984E-09
38	1.51362E-09
38.1	1.51594E-09
38.2	1.51978E-09
38.3	1.52324E-09
38.4	1.52698E-09
38.5	1.52942E-09
38.6	1.5357E-09
38.7	1.53828E-09
38.8	1.54108E-09
38.9	1.54544E-09
39	1.54928E-09
39.1	1.5527E-09
39.2	1.55662E-09
39.3	1.56216E-09
39.4	1.56324E-09
39.5	1.56912E-09
39.6	1.57346E-09
39.7	1.57554E-09
39.8	1.57798E-09
39.9	1.58342E-09
40	1.5892E-09
40.1	1.59072E-09
40.2	1.59514E-09
40.3	1.5994E-09
40.4	1.60108E-09
40.5	1.60714E-09
40.6	1.61016E-09
40.7	1.6128E-09
40.8	1.61742E-09
40.9	1.62264E-09
41	1.62412E-09
41.1	1.62928E-09
41.2	1.63382E-09
41.3	1.63774E-09
41.4	1.63834E-09
41.5	1.64404E-09
41.6	1.64786E-09
41.7	1.65012E-09
41.8	1.65504E-09
41.9	1.66016E-09
42	1.6634E-09
42.1	1.66778E-09
42.2	1.66942E-09
42.3	1.67438E-09
42.4	1.67622E-09
42.5	1.6813E-09
42.6	1.68762E-09
42.7	1.68854E-09
42.8	1.69158E-09
42.9	1.69696E-09
43	1.69896E-09
43.1	1.7017E-09
43.2	1.70822E-09
43.3	1.71322E-09
43.4	1.7151E-09
43.5	1.72038E-09
43.6	1.72142E-09
43.7	1.72608E-09
43.8	1.7308E-09
43.9	1.73386E-09
44	1.73764E-09
44.1	1.74102E-09
44.2	1.74348E-09
44.3	1.749E-09
44.4	1.75244E-09
44.5	1.75896E-09
44.6	1.75978E-09
44.7	1.76386E-09
44.8	1.76824E-09
44.9	1.77162E-09
45	1.77656E-09
45.1	1.77842E-09
45.2	1.78524E-09
45.3	1.7891E-09
45.4	1.79028E-09
45.5	1.79274E-09
45.6	1.79834E-09
45.7	1.80348E-09
45.8	1.80656E-09
45.9	1.80944E-09
46	1.81378E-09
46.1	1.81712E-09
46.2	1.8193E-09
46.3	1.82522E-09
46.4	1.8292E-09
46.5	1.83224E-09
46.6	1.83568E-09
46.7	1.84036E-09
46.8	1.84362E-09
46.9	1.8473E-09
47	1.8518E-09
47.1	1.85798E-09
47.2	1.85926E-09
47.3	1.8624E-09
47.4	1.86722E-09
47.5	1.87044E-09
47.6	1.8738E-09
47.7	1.8797E-09
47.8	1.88018E-09
47.9	1.88474E-09
48	1.88906E-09
48.1	1.8924E-09
48.2	1.89626E-09
48.3	1.9006E-09
48.4	1.90198E-09
48.5	1.90636E-09
48.6	1.91136E-09
48.7	1.91574E-09
48.8	1.91848E-09
48.9	1.92314E-09
49	1.92702E-09
49.1	1.93058E-09
49.2	1.9319E-09
49.3	1.93546E-09
49.4	1.94162E-09
49.5	1.94312E-09
49.6	1.9465E-09
49.7	1.9539E-09
49.8	1.95622E-09
49.9	1.95974E-09
50	1.95984E-09
50.1	1.9667E-09
50.2	1.9728E-09
50.3	1.97486E-09
50.4	1.97918E-09
50.5	1.97896E-09
50.6	1.98694E-09
50.7	1.99164E-09
50.8	1.98972E-09
50.9	1.99762E-09
51	2.00116E-09
51.1	2.00284E-09
51.2	2.00768E-09
51.3	2.01208E-09
51.4	2.01574E-09
51.5	2.0193E-09
51.6	2.02158E-09
51.7	2.0242E-09
51.8	2.03084E-09
51.9	2.0347E-09
52	2.03892E-09
52.1	2.04026E-09
52.2	2.04848E-09
52.3	2.0519E-09
52.4	2.05128E-09
52.5	2.05692E-09
52.6	2.06048E-09
52.7	2.0646E-09
52.8	2.06734E-09
52.9	2.07034E-09
53	2.07524E-09
53.1	2.08192E-09
53.2	2.0818E-09
53.3	2.08756E-09
53.4	2.09106E-09
53.5	2.09626E-09
53.6	2.09778E-09
53.7	2.103E-09
53.8	2.10626E-09
53.9	2.1117E-09
54	2.10958E-09
54.1	2.11624E-09
54.2	2.12076E-09
54.3	2.12468E-09
54.4	2.12918E-09
54.5	2.13356E-09
54.6	2.13762E-09
54.7	2.14004E-09
54.8	2.14224E-09
54.9	2.14544E-09
55	2.1501E-09
55.1	2.15454E-09
55.2	2.15974E-09
55.3	2.16214E-09
55.4	2.16696E-09
55.5	2.1704E-09
55.6	2.17414E-09
55.7	2.17696E-09
55.8	2.18066E-09
55.9	2.18406E-09
56	2.18868E-09
56.1	2.19202E-09
56.2	2.19416E-09
56.3	2.19878E-09
56.4	2.20276E-09
56.5	2.20726E-09
56.6	2.21382E-09
56.7	2.21518E-09
56.8	2.21984E-09
56.9	2.22364E-09
57	2.2264E-09
57.1	2.23078E-09
57.2	2.23258E-09
57.3	2.23938E-09
57.4	2.24294E-09
57.5	2.24704E-09
57.6	2.24892E-09
57.7	2.2536E-09
57.8	2.25932E-09
57.9	2.26332E-09
58	2.26786E-09
58.1	2.26926E-09
58.2	2.2734E-09
58.3	2.27848E-09
58.4	2.28092E-09
58.5	2.28618E-09
58.6	2.28738E-09
58.7	2.29064E-09
58.8	2.2962E-09
58.9	2.2991E-09
59	2.30246E-09
59.1	2.30368E-09
59.2	2.30864E-09
59.3	2.31734E-09
59.4	2.31964E-09
59.5	2.32088E-09
59.6	2.32666E-09
59.7	2.32974E-09
59.8	2.33228E-09
59.9	2.33608E-09
60	2.33936E-09
60.1	2.34398E-09
60.2	2.34828E-09
60.3	2.34986E-09
60.4	2.3553E-09
60.5	2.35948E-09
60.6	2.36314E-09
60.7	2.36744E-09
60.8	2.36928E-09
60.9	2.37324E-09
61	2.3791E-09
61.1	2.37908E-09
61.2	2.38272E-09
61.3	2.38874E-09
61.4	2.39284E-09
61.5	2.39626E-09
61.6	2.39876E-09
61.7	2.40556E-09
61.8	2.41186E-09
61.9	2.41058E-09
62	2.41526E-09
62.1	2.41994E-09
62.2	2.423E-09
62.3	2.4291E-09
62.4	2.43008E-09
62.5	2.43642E-09
62.6	2.4405E-09
62.7	2.43994E-09
62.8	2.44328E-09
62.9	2.4467E-09
63	2.45248E-09
63.1	2.45872E-09
63.2	2.45952E-09
63.3	2.46302E-09
63.4	2.46812E-09
63.5	2.47446E-09
63.6	2.4782E-09
63.7	2.47934E-09
63.8	2.48502E-09
63.9	2.4907E-09
64	2.49292E-09
64.1	2.49242E-09
64.2	2.49738E-09
64.3	2.50168E-09
64.4	2.50808E-09
64.5	2.51016E-09
64.6	2.5174E-09
64.7	2.51908E-09
64.8	2.52156E-09
64.9	2.52334E-09
65	2.52968E-09
65.1	2.534E-09
65.2	2.53694E-09
65.3	2.53978E-09
65.4	2.54438E-09
65.5	2.54976E-09
65.6	2.55242E-09
65.7	2.5563E-09
65.8	2.55942E-09
65.9	2.56348E-09
66	2.56922E-09
66.1	2.57006E-09
66.2	2.57278E-09
66.3	2.58E-09
66.4	2.58414E-09
66.5	2.58594E-09
66.6	2.59126E-09
66.7	2.5947E-09
66.8	2.59776E-09
66.9	2.60204E-09
67	2.60414E-09
67.1	2.61E-09
67.2	2.61338E-09
67.3	2.61674E-09
67.4	2.62192E-09
67.5	2.62328E-09
67.6	2.62952E-09
67.7	2.63354E-09
67.8	2.6361E-09
67.9	2.64158E-09
68	2.6472E-09
68.1	2.64656E-09
68.2	2.65102E-09
68.3	2.6532E-09
68.4	2.6572E-09
68.5	2.66352E-09
68.6	2.66874E-09
68.7	2.67168E-09
68.8	2.67846E-09
68.9	2.67712E-09
69	2.6844E-09
69.1	2.68894E-09
69.2	2.6912E-09
69.3	2.69382E-09
69.4	2.6977E-09
69.5	2.70016E-09
69.6	2.70604E-09
69.7	2.70498E-09
69.8	2.71352E-09
69.9	2.71422E-09
70	2.71884E-09
70.1	2.72462E-09
70.2	2.72816E-09
70.3	2.73364E-09
70.4	2.73594E-09
70.5	2.74102E-09
70.6	2.74442E-09
70.7	2.74568E-09
70.8	2.75166E-09
70.9	2.7582E-09
71	2.7618E-09
71.1	2.76506E-09
71.2	2.76864E-09
71.3	2.7711E-09
71.4	2.77568E-09
71.5	2.77884E-09
71.6	2.7825E-09
71.7	2.78644E-09
71.8	2.79278E-09
71.9	2.79316E-09
72	2.799E-09
72.1	2.80492E-09
72.2	2.81158E-09
72.3	2.81304E-09
72.4	2.81358E-09
72.5	2.81888E-09
72.6	2.8266E-09
72.7	2.82906E-09
72.8	2.83588E-09
72.9	2.83788E-09
73	2.84622E-09
73.1	2.85076E-09
73.2	2.85104E-09
73.3	2.85576E-09
73.4	2.86104E-09
73.5	2.86172E-09
73.6	2.8613E-09
73.7	2.8705E-09
73.8	2.87426E-09
73.9	2.87866E-09
74	2.8801E-09
74.1	2.88668E-09
74.2	2.89176E-09
74.3	2.89472E-09
74.4	2.89904E-09
74.5	2.89786E-09
74.6	2.90404E-09
74.7	2.90854E-09
74.8	2.90824E-09
74.9	2.91678E-09
75	2.9238E-09
75.1	2.92648E-09
75.2	2.92824E-09
75.3	2.9288E-09
75.4	2.93496E-09
75.5	2.93966E-09
75.6	2.9415E-09
75.7	2.9446E-09
75.8	2.95242E-09
75.9	2.95736E-09
76	2.95686E-09
76.1	2.96274E-09
76.2	2.96812E-09
76.3	2.97168E-09
76.4	2.97438E-09
76.5	2.9758E-09
76.6	2.97926E-09
76.7	2.98714E-09
76.8	2.98702E-09
76.9	2.99312E-09
77	2.99748E-09
77.1	3.00438E-09
77.2	3.00598E-09
77.3	3.00948E-09
77.4	3.01354E-09
77.5	3.01856E-09
77.6	3.01952E-09
77.7	3.02122E-09
77.8	3.02558E-09
77.9	3.03444E-09
78	3.03924E-09
78.1	3.03248E-09
78.2	3.03928E-09
78.3	3.05114E-09
78.4	3.05858E-09
78.5	3.05604E-09
78.6	3.0603E-09
78.7	3.06658E-09
78.8	3.0707E-09
78.9	3.07238E-09
79	3.07522E-09
79.1	3.083E-09
79.2	3.08358E-09
79.3	3.08822E-09
79.4	3.0926E-09
79.5	3.09376E-09
79.6	3.1017E-09
79.7	3.10438E-09
79.8	3.10714E-09
79.9	3.10924E-09
80	3.11938E-09
80.1	3.12318E-09
80.2	3.1291E-09
80.3	3.1286E-09
80.4	3.13622E-09
80.5	3.1381E-09
80.6	3.1415E-09
80.7	3.1481E-09
80.8	3.15544E-09
80.9	3.16124E-09
81	3.16484E-09
81.1	3.1718E-09
81.2	3.17602E-09
81.3	3.17966E-09
81.4	3.18288E-09
81.5	3.18606E-09
81.6	3.18806E-09
81.7	3.19334E-09
81.8	3.2014E-09
81.9	3.20348E-09
82	3.2084E-09
82.1	3.21338E-09
82.2	3.21918E-09
82.3	3.21932E-09
82.4	3.22336E-09
82.5	3.22804E-09
82.6	3.2315E-09
82.7	3.23184E-09
82.8	3.23882E-09
82.9	3.24676E-09
83	3.25092E-09
83.1	3.24856E-09
83.2	3.25364E-09
83.3	3.25996E-09
83.4	3.26824E-09
83.5	3.27026E-09
83.6	3.2726E-09
83.7	3.27848E-09
83.8	3.2824E-09
83.9	3.2807E-09
84	3.2865E-09
84.1	3.28834E-09
84.2	3.29896E-09
84.3	3.30188E-09
84.4	3.30198E-09
84.5	3.31054E-09
84.6	3.3158E-09
84.7	3.31618E-09
84.8	3.32104E-09
84.9	3.3182E-09
85	3.3303E-09
85.1	3.33408E-09
85.2	3.33244E-09
85.3	3.339E-09
85.4	3.3444E-09
85.5	3.34902E-09
85.6	3.35142E-09
85.7	3.35246E-09
85.8	3.36368E-09
85.9	3.3663E-09
86	3.36546E-09
86.1	3.3711E-09
86.2	3.37778E-09
86.3	3.38086E-09
86.4	3.38406E-09
86.5	3.38808E-09
86.6	3.3922E-09
86.7	3.39878E-09
86.8	3.39962E-09
86.9	3.4012E-09
87	3.40964E-09
87.1	3.41286E-09
87.2	3.41498E-09
87.3	3.42148E-09
87.4	3.4248E-09
87.5	3.43422E-09
87.6	3.43128E-09
87.7	3.43444E-09
87.8	3.44294E-09
87.9	3.44498E-09
88	3.44832E-09
88.1	3.4521E-09
88.2	3.45664E-09
88.3	3.4628E-09
88.4	3.46718E-09
88.5	3.46974E-09
88.6	3.47608E-09
88.7	3.4816E-09
88.8	3.4841E-09
88.9	3.48816E-09
89	3.49102E-09
89.1	3.50042E-09
89.2	3.50214E-09
89.3	3.50378E-09
89.4	3.5138E-09
89.5	3.51922E-09
89.6	3.51984E-09
89.7	3.52372E-09
89.8	3.52232E-09
89.9	3.53092E-09
90	3.53578E-09
90.1	3.534E-09
90.2	3.54322E-09
90.3	3.54794E-09
90.4	3.553E-09
90.5	3.56066E-09
90.6	3.5566E-09
90.7	3.56856E-09
90.8	3.57382E-09
90.9	3.57398E-09
91	3.57698E-09
91.1	3.582E-09
91.2	3.58662E-09
91.3	3.5932E-09
91.4	3.59354E-09
91.5	3.60146E-09
91.6	3.60764E-09
91.7	3.61164E-09
91.8	3.61008E-09
91.9	3.6182E-09
92	3.62002E-09
92.1	3.6254E-09
92.2	3.628E-09
92.3	3.6328E-09
92.4	3.64028E-09
92.5	3.6455E-09
92.6	3.6469E-09
92.7	3.6475E-09
92.8	3.65288E-09
92.9	3.65944E-09
93	3.66094E-09
93.1	3.66384E-09
93.2	3.67288E-09
93.3	3.67368E-09
93.4	3.67814E-09
93.5	3.6873E-09
93.6	3.68738E-09
93.7	3.69386E-09
93.8	3.69834E-09
93.9	3.69874E-09
94	3.7057E-09
94.1	3.70744E-09
94.2	3.7151E-09
94.3	3.71808E-09
94.4	3.72334E-09
94.5	3.72652E-09
94.6	3.73286E-09
94.7	3.73574E-09
94.8	3.7396E-09
94.9	3.7426E-09
95	3.74294E-09
95.1	3.75024E-09
95.2	3.75406E-09
95.3	3.76064E-09
95.4	3.76668E-09
95.5	3.7709E-09
95.6	3.77264E-09
95.7	3.7809E-09
95.8	3.7834E-09
95.9	3.78284E-09
96	3.7872E-09
96.1	3.78854E-09
96.2	3.80074E-09
96.3	3.80532E-09
96.4	3.80638E-09
96.5	3.81582E-09
96.6	3.81594E-09
96.7	3.8207E-09
96.8	3.82188E-09
96.9	3.82474E-09
97	3.8324E-09
97.1	3.83562E-09
97.2	3.83638E-09
97.3	3.8404E-09
97.4	3.84302E-09
97.5	3.85234E-09
97.6	3.8548E-09
97.7	3.85762E-09
97.8	3.86404E-09
97.9	3.87048E-09
98	3.87096E-09
98.1	3.8711E-09
98.2	3.87874E-09
98.3	3.88262E-09
98.4	3.888E-09
98.5	3.8895E-09
98.6	3.89804E-09
98.7	3.90112E-09
98.8	3.9037E-09
98.9	3.90678E-09
99	3.91184E-09
99.1	3.91912E-09
99.2	3.91986E-09
99.3	3.91936E-09
99.4	3.92696E-09
99.5	3.93682E-09
99.6	3.93712E-09
99.7	3.9384E-09
99.8	3.94532E-09
99.9	3.94934E-09
100	3.95476E-09
