BG_V	BG_I
0	-1.03066E-09
0.1	-9.51374E-10
0.2	-8.7396E-10
0.3	-8.15168E-10
0.4	-7.63156E-10
0.5	-7.17806E-10
0.6	-6.77224E-10
0.7	-6.42402E-10
0.8	-6.10156E-10
0.9	-5.82464E-10
1	-5.56222E-10
1.1	-5.33106E-10
1.2	-5.11026E-10
1.3	-4.89592E-10
1.4	-4.69558E-10
1.5	-4.51338E-10
1.6	-4.35852E-10
1.7	-4.21428E-10
1.8	-4.02162E-10
1.9	-3.89812E-10
2	-3.72742E-10
2.1	-3.58862E-10
2.2	-3.47232E-10
2.3	-3.3381E-10
2.4	-3.23388E-10
2.5	-3.1515E-10
2.6	-3.0517E-10
2.7	-2.9799E-10
2.8	-2.89296E-10
2.9	-2.82166E-10
3	-2.74776E-10
3.1	-2.66118E-10
3.2	-2.56138E-10
3.3	-2.49802E-10
3.4	-2.42268E-10
3.5	-2.34762E-10
3.6	-2.27494E-10
3.7	-2.21796E-10
3.8	-2.1191E-10
3.9	-2.0613E-10
4	-1.99632E-10
4.1	-1.93718E-10
4.2	-1.89506E-10
4.3	-1.82224E-10
4.4	-1.79564E-10
4.5	-1.74072E-10
4.6	-1.67728E-10
4.7	-1.64102E-10
4.8	-1.60188E-10
4.9	-1.5464E-10
5	-1.52696E-10
5.1	-1.48082E-10
5.2	-1.44378E-10
5.3	-1.35386E-10
5.4	-1.32558E-10
5.5	-1.29128E-10
5.6	-1.25362E-10
5.7	-1.19594E-10
5.8	-1.14882E-10
5.9	-1.12134E-10
6	-1.09506E-10
6.1	-1.05586E-10
6.2	-1.02358E-10
6.3	-9.958E-11
6.4	-9.633E-11
6.5	-9.2478E-11
6.6	-8.9966E-11
6.7	-8.7192E-11
6.8	-8.2784E-11
6.9	-7.8364E-11
7	-7.6354E-11
7.1	-7.3494E-11
7.2	-7.0708E-11
7.3	-6.7982E-11
7.4	-6.5418E-11
7.5	-6.2938E-11
7.6	-5.9824E-11
7.7	-5.873E-11
7.8	-5.8634E-11
7.9	-5.486E-11
8	-5.1676E-11
8.1	-4.8904E-11
8.2	-4.7612E-11
8.3	-4.324E-11
8.4	-4.045E-11
8.5	-3.8724E-11
8.6	-3.6744E-11
8.7	-3.3404E-11
8.8	-2.9712E-11
8.9	-2.9576E-11
9	-2.7048E-11
9.1	-2.3944E-11
9.2	-2.0974E-11
9.3	-2.0272E-11
9.4	-1.874E-11
9.5	-1.5766E-11
9.6	-1.3888E-11
9.7	-1.0446E-11
9.8	-9.348E-12
9.9	-8.478E-12
10	-5.304E-12
10.1	-3.762E-12
10.2	-3.86E-13
10.3	1.806E-12
10.4	3.454E-12
10.5	5.55E-12
10.6	5.59E-12
10.7	8.406E-12
10.8	9.614E-12
10.9	1.1668E-11
11	1.271E-11
11.1	1.5024E-11
11.2	1.6536E-11
11.3	1.8052E-11
11.4	2.1184E-11
11.5	2.1272E-11
11.6	2.4058E-11
11.7	2.6198E-11
11.8	2.7108E-11
11.9	2.853E-11
12	3.0108E-11
12.1	3.263E-11
12.2	3.3854E-11
12.3	3.5878E-11
12.4	3.6708E-11
12.5	3.796E-11
12.6	3.9256E-11
12.7	4.1312E-11
12.8	4.297E-11
12.9	4.5154E-11
13	4.5322E-11
13.1	4.6594E-11
13.2	4.9412E-11
13.3	5.1144E-11
13.4	5.1696E-11
13.5	5.2608E-11
13.6	5.7034E-11
13.7	5.6694E-11
13.8	5.99E-11
13.9	6.0976E-11
14	6.3036E-11
14.1	6.428E-11
14.2	6.5134E-11
14.3	6.6272E-11
14.4	6.7436E-11
14.5	6.974E-11
14.6	7.055E-11
14.7	7.1088E-11
14.8	7.4396E-11
14.9	7.4696E-11
15	7.592E-11
15.1	7.8736E-11
15.2	7.9158E-11
15.3	8.1252E-11
15.4	8.2042E-11
15.5	8.3128E-11
15.6	8.3628E-11
15.7	8.6152E-11
15.8	8.703E-11
15.9	8.9228E-11
16	8.9214E-11
16.1	9.1352E-11
16.2	9.2848E-11
16.3	9.6106E-11
16.4	9.594E-11
16.5	9.7054E-11
16.6	9.8326E-11
16.7	1.0127E-10
16.8	1.02852E-10
16.9	1.03278E-10
17	1.04834E-10
17.1	1.05658E-10
17.2	1.06308E-10
17.3	1.06908E-10
17.4	1.07494E-10
17.5	1.10504E-10
17.6	1.12428E-10
17.7	1.14326E-10
17.8	1.16518E-10
17.9	1.16158E-10
18	1.18094E-10
18.1	1.22388E-10
18.2	1.23188E-10
18.3	1.24986E-10
18.4	1.2677E-10
18.5	1.2944E-10
18.6	1.30438E-10
18.7	1.32582E-10
18.8	1.34016E-10
18.9	1.34964E-10
19	1.38102E-10
19.1	1.37782E-10
19.2	1.39082E-10
19.3	1.41608E-10
19.4	1.44064E-10
19.5	1.45382E-10
19.6	1.4798E-10
19.7	1.47518E-10
19.8	1.5048E-10
19.9	1.51782E-10
20	1.52678E-10
20.1	1.56176E-10
20.2	1.55006E-10
20.3	1.546E-10
20.4	1.56214E-10
20.5	1.57948E-10
20.6	1.57954E-10
20.7	1.60706E-10
20.8	1.60788E-10
20.9	1.6247E-10
21	1.6486E-10
21.1	1.65664E-10
21.2	1.66752E-10
21.3	1.6806E-10
21.4	1.7012E-10
21.5	1.70686E-10
21.6	1.71488E-10
21.7	1.72274E-10
21.8	1.7327E-10
21.9	1.73756E-10
22	1.74278E-10
22.1	1.73522E-10
22.2	1.8048E-10
22.3	1.8221E-10
22.4	1.83758E-10
22.5	1.8435E-10
22.6	1.86356E-10
22.7	1.88652E-10
22.8	1.884E-10
22.9	1.90754E-10
23	1.9236E-10
23.1	1.9562E-10
23.2	1.96636E-10
23.3	1.96928E-10
23.4	1.99044E-10
23.5	2.00518E-10
23.6	2.00772E-10
23.7	2.02054E-10
23.8	2.03306E-10
23.9	2.04922E-10
24	2.02428E-10
24.1	2.0231E-10
24.2	2.05162E-10
24.3	2.0641E-10
24.4	2.0917E-10
24.5	2.10184E-10
24.6	2.12452E-10
24.7	2.14484E-10
24.8	2.1548E-10
24.9	2.19772E-10
25	2.19934E-10
25.1	2.21528E-10
25.2	2.22986E-10
25.3	2.22622E-10
25.4	2.2377E-10
25.5	2.23096E-10
25.6	2.25612E-10
25.7	2.26738E-10
25.8	2.28836E-10
25.9	2.29604E-10
26	2.31686E-10
26.1	2.3013E-10
26.2	2.31516E-10
26.3	2.34872E-10
26.4	2.33308E-10
26.5	2.3489E-10
26.6	2.3602E-10
26.7	2.37194E-10
26.8	2.37722E-10
26.9	2.39604E-10
27	2.39568E-10
27.1	2.40262E-10
27.2	2.40644E-10
27.3	2.42904E-10
27.4	2.43274E-10
27.5	2.428E-10
27.6	2.50528E-10
27.7	2.49918E-10
27.8	2.49964E-10
27.9	2.52448E-10
28	2.54806E-10
28.1	2.57058E-10
28.2	2.60318E-10
28.3	2.59686E-10
28.4	2.64006E-10
28.5	2.63144E-10
28.6	2.6482E-10
28.7	2.6458E-10
28.8	2.66756E-10
28.9	2.6614E-10
29	2.66172E-10
29.1	2.6847E-10
29.2	2.7047E-10
29.3	2.68746E-10
29.4	2.69666E-10
29.5	2.70984E-10
29.6	2.73476E-10
29.7	2.74922E-10
29.8	2.73774E-10
29.9	2.76072E-10
30	2.7839E-10
30.1	2.79866E-10
30.2	2.80848E-10
30.3	2.8564E-10
30.4	2.8468E-10
30.5	2.83924E-10
30.6	2.8433E-10
30.7	2.83624E-10
30.8	2.84276E-10
30.9	2.90122E-10
31	2.89896E-10
31.1	2.92724E-10
31.2	2.94892E-10
31.3	2.97522E-10
31.4	2.99772E-10
31.5	2.99128E-10
31.6	2.98574E-10
31.7	3.0217E-10
31.8	3.03096E-10
31.9	3.04544E-10
32	3.06004E-10
32.1	3.0864E-10
32.2	3.09912E-10
32.3	3.11766E-10
32.4	3.11112E-10
32.5	3.13726E-10
32.6	3.12888E-10
32.7	3.16118E-10
32.8	3.15568E-10
32.9	3.16898E-10
33	3.17708E-10
33.1	3.18898E-10
33.2	3.2303E-10
33.3	3.24018E-10
33.4	3.2324E-10
33.5	3.2607E-10
33.6	3.28638E-10
33.7	3.2924E-10
33.8	3.28926E-10
33.9	3.33122E-10
34	3.3215E-10
34.1	3.31128E-10
34.2	3.3489E-10
34.3	3.34206E-10
34.4	3.35318E-10
34.5	3.39456E-10
34.6	3.41696E-10
34.7	3.436E-10
34.8	3.40492E-10
34.9	3.44906E-10
35	3.42638E-10
35.1	3.44158E-10
35.2	3.42342E-10
35.3	3.43104E-10
35.4	3.45804E-10
35.5	3.431E-10
35.6	3.47584E-10
35.7	3.50594E-10
35.8	3.5199E-10
35.9	3.49492E-10
36	3.4747E-10
36.1	3.53346E-10
36.2	3.56396E-10
36.3	3.56592E-10
36.4	3.58932E-10
36.5	3.65216E-10
36.6	3.65068E-10
36.7	3.6248E-10
36.8	3.64968E-10
36.9	3.6802E-10
37	3.7009E-10
37.1	3.69784E-10
37.2	3.7129E-10
37.3	3.70774E-10
37.4	3.70506E-10
37.5	3.70782E-10
37.6	3.72908E-10
37.7	3.74456E-10
37.8	3.75426E-10
37.9	3.765E-10
38	3.77996E-10
38.1	3.80826E-10
38.2	3.8278E-10
38.3	3.8412E-10
38.4	3.87016E-10
38.5	3.87806E-10
38.6	3.8987E-10
38.7	3.88404E-10
38.8	3.9234E-10
38.9	3.88372E-10
39	3.89108E-10
39.1	3.89478E-10
39.2	3.92478E-10
39.3	3.89866E-10
39.4	3.93676E-10
39.5	3.93326E-10
39.6	3.96676E-10
39.7	3.96028E-10
39.8	3.96842E-10
39.9	4.00552E-10
40	4.00822E-10
40.1	4.02728E-10
40.2	4.04042E-10
40.3	4.06562E-10
40.4	4.08614E-10
40.5	4.0837E-10
40.6	4.09954E-10
40.7	4.11364E-10
40.8	4.13212E-10
40.9	4.13392E-10
41	4.1288E-10
41.1	4.12286E-10
41.2	4.14824E-10
41.3	4.17062E-10
41.4	4.17566E-10
41.5	4.19234E-10
41.6	4.1938E-10
41.7	4.20796E-10
41.8	4.23162E-10
41.9	4.25094E-10
42	4.22676E-10
42.1	4.25754E-10
42.2	4.25618E-10
42.3	4.2947E-10
42.4	4.25198E-10
42.5	4.26486E-10
42.6	4.31504E-10
42.7	4.30634E-10
42.8	4.307E-10
42.9	4.31748E-10
43	4.3565E-10
43.1	4.36444E-10
43.2	4.39744E-10
43.3	4.41764E-10
43.4	4.41768E-10
43.5	4.40664E-10
43.6	4.42848E-10
43.7	4.41926E-10
43.8	4.46382E-10
43.9	4.45566E-10
44	4.4699E-10
44.1	4.4465E-10
44.2	4.45666E-10
44.3	4.4721E-10
44.4	4.47792E-10
44.5	4.47734E-10
44.6	4.5172E-10
44.7	4.51884E-10
44.8	4.536E-10
44.9	4.56724E-10
45	4.60048E-10
45.1	4.6056E-10
45.2	4.63584E-10
45.3	4.65852E-10
45.4	4.63106E-10
45.5	4.65392E-10
45.6	4.65788E-10
45.7	4.6692E-10
45.8	4.67588E-10
45.9	4.66624E-10
46	4.66234E-10
46.1	4.6881E-10
46.2	4.70714E-10
46.3	4.71182E-10
46.4	4.71942E-10
46.5	4.75562E-10
46.6	4.73534E-10
46.7	4.76596E-10
46.8	4.78724E-10
46.9	4.78868E-10
47	4.80404E-10
47.1	4.82178E-10
47.2	4.83886E-10
47.3	4.8291E-10
47.4	4.8276E-10
47.5	4.82628E-10
47.6	4.8326E-10
47.7	4.83968E-10
47.8	4.86756E-10
47.9	4.8756E-10
48	4.9121E-10
48.1	4.9106E-10
48.2	4.92264E-10
48.3	4.9524E-10
48.4	4.9632E-10
48.5	4.92788E-10
48.6	4.92942E-10
48.7	4.96596E-10
48.8	4.92622E-10
48.9	4.98248E-10
49	4.98738E-10
49.1	4.944E-10
49.2	4.9511E-10
49.3	4.99412E-10
49.4	4.9952E-10
49.5	5.04696E-10
49.6	5.0588E-10
49.7	5.1062E-10
49.8	5.13874E-10
49.9	5.15284E-10
50	5.13336E-10
50.1	5.17526E-10
50.2	5.18328E-10
50.3	5.19656E-10
50.4	5.19168E-10
50.5	5.17926E-10
50.6	5.1865E-10
50.7	5.21196E-10
50.8	5.20772E-10
50.9	5.2206E-10
51	5.2166E-10
51.1	5.21904E-10
51.2	5.22772E-10
51.3	5.25394E-10
51.4	5.27652E-10
51.5	5.2977E-10
51.6	5.30708E-10
51.7	5.33226E-10
51.8	5.34054E-10
51.9	5.33394E-10
52	5.40054E-10
52.1	5.39414E-10
52.2	5.3991E-10
52.3	5.41764E-10
52.4	5.42568E-10
52.5	5.3624E-10
52.6	5.40824E-10
52.7	5.42688E-10
52.8	5.39514E-10
52.9	5.43076E-10
53	5.44108E-10
53.1	5.4649E-10
53.2	5.48552E-10
53.3	5.48166E-10
53.4	5.50456E-10
53.5	5.50784E-10
53.6	5.5447E-10
53.7	5.54086E-10
53.8	5.5586E-10
53.9	5.57884E-10
54	5.57012E-10
54.1	5.57314E-10
54.2	5.58772E-10
54.3	5.599E-10
54.4	5.60316E-10
54.5	5.61006E-10
54.6	5.61472E-10
54.7	5.64194E-10
54.8	5.64336E-10
54.9	5.68848E-10
55	5.68136E-10
55.1	5.70108E-10
55.2	5.69942E-10
55.3	5.70324E-10
55.4	5.71232E-10
55.5	5.71384E-10
55.6	5.74354E-10
55.7	5.7043E-10
55.8	5.749E-10
55.9	5.77606E-10
56	5.74496E-10
56.1	5.77416E-10
56.2	5.75998E-10
56.3	5.7719E-10
56.4	5.80356E-10
56.5	5.7908E-10
56.6	5.81734E-10
56.7	5.8169E-10
56.8	5.84648E-10
56.9	5.88532E-10
57	5.90666E-10
57.1	5.9122E-10
57.2	5.91732E-10
57.3	5.92898E-10
57.4	5.92752E-10
57.5	5.93234E-10
57.6	5.94052E-10
57.7	5.93564E-10
57.8	5.95424E-10
57.9	5.97654E-10
58	5.99522E-10
58.1	5.99178E-10
58.2	5.98112E-10
58.3	6.05674E-10
58.4	6.03894E-10
58.5	6.0608E-10
58.6	6.08622E-10
58.7	6.1082E-10
58.8	6.16254E-10
58.9	6.14542E-10
59	6.16392E-10
59.1	6.1509E-10
59.2	6.15598E-10
59.3	6.14672E-10
59.4	6.18958E-10
59.5	6.17602E-10
59.6	6.20424E-10
59.7	6.18974E-10
59.8	6.21202E-10
59.9	6.23212E-10
60	6.22246E-10
60.1	6.1952E-10
60.2	6.2533E-10
60.3	6.22848E-10
60.4	6.27646E-10
60.5	6.30474E-10
60.6	6.3325E-10
60.7	6.34664E-10
60.8	6.32408E-10
60.9	6.373E-10
61	6.3775E-10
61.1	6.3399E-10
61.2	6.38406E-10
61.3	6.34074E-10
61.4	6.35884E-10
61.5	6.383E-10
61.6	6.45644E-10
61.7	6.41436E-10
61.8	6.44514E-10
61.9	6.4802E-10
62	6.47092E-10
62.1	6.49636E-10
62.2	6.51012E-10
62.3	6.4871E-10
62.4	6.50334E-10
62.5	6.49004E-10
62.6	6.45826E-10
62.7	6.44662E-10
62.8	6.4606E-10
62.9	6.47782E-10
63	6.43754E-10
63.1	6.4925E-10
63.2	6.52482E-10
63.3	6.56564E-10
63.4	6.60902E-10
63.5	6.66716E-10
63.6	6.6286E-10
63.7	6.68974E-10
63.8	6.72694E-10
63.9	6.7515E-10
64	6.7337E-10
64.1	6.75532E-10
64.2	6.77376E-10
64.3	6.71524E-10
64.4	6.7113E-10
64.5	6.74336E-10
64.6	6.74326E-10
64.7	6.74424E-10
64.8	6.73386E-10
64.9	6.76686E-10
65	6.77768E-10
65.1	6.74376E-10
65.2	6.79188E-10
65.3	6.80112E-10
65.4	6.84558E-10
65.5	6.84764E-10
65.6	6.8452E-10
65.7	6.90056E-10
65.8	6.88986E-10
65.9	6.92426E-10
66	6.92056E-10
66.1	6.9491E-10
66.2	6.90598E-10
66.3	6.92106E-10
66.4	6.95506E-10
66.5	6.92796E-10
66.6	6.93352E-10
66.7	6.93628E-10
66.8	6.93228E-10
66.9	6.97634E-10
67	6.94078E-10
67.1	6.98016E-10
67.2	7.02614E-10
67.3	7.03728E-10
67.4	7.03652E-10
67.5	7.08534E-10
67.6	7.0953E-10
67.7	7.0822E-10
67.8	7.08092E-10
67.9	7.11902E-10
68	7.14266E-10
68.1	7.14538E-10
68.2	7.15366E-10
68.3	7.1286E-10
68.4	7.1669E-10
68.5	7.13242E-10
68.6	7.16346E-10
68.7	7.1818E-10
68.8	7.20258E-10
68.9	7.21846E-10
69	7.25198E-10
69.1	7.30222E-10
69.2	7.30624E-10
69.3	7.30348E-10
69.4	7.28994E-10
69.5	7.27844E-10
69.6	7.29148E-10
69.7	7.32192E-10
69.8	7.24966E-10
69.9	7.294E-10
70	7.28624E-10
70.1	7.3255E-10
70.2	7.30892E-10
70.3	7.34584E-10
70.4	7.34264E-10
70.5	7.4005E-10
70.6	7.38404E-10
70.7	7.39744E-10
70.8	7.42976E-10
70.9	7.45318E-10
71	7.45032E-10
71.1	7.45014E-10
71.2	7.4728E-10
71.3	7.46392E-10
71.4	7.43754E-10
71.5	7.4778E-10
71.6	7.45132E-10
71.7	7.48474E-10
71.8	7.51428E-10
71.9	7.50738E-10
72	7.5209E-10
72.1	7.535E-10
72.2	7.60738E-10
72.3	7.65004E-10
72.4	7.63572E-10
72.5	7.66312E-10
72.6	7.6795E-10
72.7	7.72534E-10
72.8	7.72794E-10
72.9	7.7384E-10
73	7.72084E-10
73.1	7.73272E-10
73.2	7.76252E-10
73.3	7.7669E-10
73.4	7.73148E-10
73.5	7.75688E-10
73.6	7.74646E-10
73.7	7.73702E-10
73.8	7.7789E-10
73.9	7.81228E-10
74	7.82946E-10
74.1	7.80002E-10
74.2	7.87438E-10
74.3	7.92216E-10
74.4	7.88078E-10
74.5	7.88756E-10
74.6	7.93704E-10
74.7	7.9174E-10
74.8	7.93174E-10
74.9	7.90238E-10
75	7.9142E-10
75.1	7.87768E-10
75.2	7.91206E-10
75.3	7.88372E-10
75.4	7.88928E-10
75.5	7.91232E-10
75.6	7.94648E-10
75.7	7.95488E-10
75.8	8.04286E-10
75.9	8.03284E-10
76	8.05326E-10
76.1	8.06156E-10
76.2	8.05038E-10
76.3	8.05054E-10
76.4	8.05212E-10
76.5	8.0678E-10
76.6	8.08986E-10
76.7	8.05286E-10
76.8	8.07888E-10
76.9	8.08282E-10
77	8.05794E-10
77.1	8.1016E-10
77.2	8.16572E-10
77.3	8.15732E-10
77.4	8.21024E-10
77.5	8.21272E-10
77.6	8.23586E-10
77.7	8.27736E-10
77.8	8.2531E-10
77.9	8.30314E-10
78	8.28104E-10
78.1	8.2728E-10
78.2	8.30796E-10
78.3	8.27866E-10
78.4	8.30226E-10
78.5	8.25994E-10
78.6	8.2794E-10
78.7	8.31888E-10
78.8	8.31216E-10
78.9	8.32564E-10
79	8.35968E-10
79.1	8.3782E-10
79.2	8.41186E-10
79.3	8.38646E-10
79.4	8.40524E-10
79.5	8.41724E-10
79.6	8.4047E-10
79.7	8.41206E-10
79.8	8.40756E-10
79.9	8.38908E-10
80	8.42002E-10
80.1	8.38314E-10
80.2	8.40268E-10
80.3	8.44962E-10
80.4	8.50108E-10
80.5	8.506E-10
80.6	8.49856E-10
80.7	8.43968E-10
80.8	8.45324E-10
80.9	8.54144E-10
81	8.5314E-10
81.1	8.57638E-10
81.2	8.51812E-10
81.3	8.67898E-10
81.4	8.59316E-10
81.5	8.52132E-10
81.6	8.56654E-10
81.7	8.6915E-10
81.8	8.6653E-10
81.9	8.59034E-10
82	8.55252E-10
82.1	8.63144E-10
82.2	8.60054E-10
82.3	8.66342E-10
82.4	8.63912E-10
82.5	8.61416E-10
82.6	8.61974E-10
82.7	8.67514E-10
82.8	8.65032E-10
82.9	8.63194E-10
83	8.66606E-10
83.1	8.68208E-10
83.2	8.74044E-10
83.3	8.71036E-10
83.4	8.67204E-10
83.5	8.67132E-10
83.6	8.74532E-10
83.7	8.7714E-10
83.8	8.67802E-10
83.9	8.75432E-10
84	8.83992E-10
84.1	8.79868E-10
84.2	8.71814E-10
84.3	8.7662E-10
84.4	8.82296E-10
84.5	8.85776E-10
84.6	8.73736E-10
84.7	8.80728E-10
84.8	8.83852E-10
84.9	8.83184E-10
85	8.80782E-10
85.1	8.8053E-10
85.2	8.8358E-10
85.3	8.86024E-10
85.4	8.81924E-10
85.5	8.86304E-10
85.6	8.81468E-10
85.7	8.91022E-10
85.8	8.95958E-10
85.9	8.87076E-10
86	8.8896E-10
86.1	9.0206E-10
86.2	8.99266E-10
86.3	8.87986E-10
86.4	8.94682E-10
86.5	9.0693E-10
86.6	8.95148E-10
86.7	8.93034E-10
86.8	8.98828E-10
86.9	9.07542E-10
87	9.02216E-10
87.1	9.0511E-10
87.2	9.0569E-10
87.3	9.10366E-10
87.4	9.11264E-10
87.5	9.18202E-10
87.6	9.14032E-10
87.7	9.11432E-10
87.8	9.13614E-10
87.9	9.13244E-10
88	9.16376E-10
88.1	9.13302E-10
88.2	9.09026E-10
88.3	9.0972E-10
88.4	9.21998E-10
88.5	9.20254E-10
88.6	9.11904E-10
88.7	9.14616E-10
88.8	9.27706E-10
88.9	9.272E-10
89	9.2309E-10
89.1	9.23908E-10
89.2	9.30384E-10
89.3	9.36112E-10
89.4	9.33894E-10
89.5	9.2589E-10
89.6	9.31892E-10
89.7	9.43134E-10
89.8	9.39874E-10
89.9	9.323E-10
90	9.37776E-10
90.1	9.36192E-10
90.2	9.39626E-10
90.3	9.3726E-10
90.4	9.4692E-10
90.5	9.48062E-10
90.6	9.39978E-10
90.7	9.42252E-10
90.8	9.54412E-10
90.9	9.4526E-10
91	9.4558E-10
91.1	9.46648E-10
91.2	9.5586E-10
91.3	9.5298E-10
91.4	9.47902E-10
91.5	9.51234E-10
91.6	9.62536E-10
91.7	9.62322E-10
91.8	9.64258E-10
91.9	9.57574E-10
92	9.53086E-10
92.1	9.6495E-10
92.2	9.66304E-10
92.3	9.66598E-10
92.4	9.58462E-10
92.5	9.57592E-10
92.6	9.7314E-10
92.7	9.76524E-10
92.8	9.64044E-10
92.9	9.64668E-10
93	9.61724E-10
93.1	9.73264E-10
93.2	9.79506E-10
93.3	9.8007E-10
93.4	9.81902E-10
93.5	9.6962E-10
93.6	9.94446E-10
93.7	9.7798E-10
93.8	9.87284E-10
93.9	9.8376E-10
94	9.9784E-10
94.1	1.000154E-09
94.2	9.8318E-10
94.3	9.92146E-10
94.4	9.8012E-10
94.5	9.9596E-10
94.6	9.9462E-10
94.7	9.9364E-10
94.8	1.00156E-09
94.9	1.00396E-09
95	9.9632E-10
95.1	9.9736E-10
95.2	1.00944E-09
95.3	1.00362E-09
95.4	1.0027E-09
95.5	9.9884E-10
95.6	1.00758E-09
95.7	1.01522E-09
95.8	1.00296E-09
95.9	1.00944E-09
96	1.02166E-09
96.1	1.02294E-09
96.2	1.0151E-09
96.3	1.01952E-09
96.4	1.0262E-09
96.5	1.02852E-09
96.6	1.01794E-09
96.7	1.0064E-09
96.8	1.01806E-09
96.9	1.01952E-09
97	1.02698E-09
97.1	1.02816E-09
97.2	1.0334E-09
97.3	1.04306E-09
97.4	1.0389E-09
97.5	1.03256E-09
97.6	1.04564E-09
97.7	1.03858E-09
97.8	1.04664E-09
97.9	1.03896E-09
98	1.038E-09
98.1	1.0463E-09
98.2	1.05084E-09
98.3	1.0422E-09
98.4	1.04888E-09
98.5	1.0538E-09
98.6	1.05818E-09
98.7	1.06022E-09
98.8	1.0515E-09
98.9	1.05862E-09
99	1.05614E-09
99.1	1.05312E-09
99.2	1.053E-09
99.3	1.05776E-09
99.4	1.0647E-09
99.5	1.07346E-09
99.6	1.06666E-09
99.7	1.06782E-09
99.8	1.07036E-09
99.9	1.06372E-09
100	1.06666E-09
