BG_V	BG_I
0	-1.01876E-09
0.1	-9.4023E-10
0.2	-8.65518E-10
0.3	-8.09808E-10
0.4	-7.59496E-10
0.5	-7.12062E-10
0.6	-6.71724E-10
0.7	-6.374E-10
0.8	-6.09678E-10
0.9	-5.75744E-10
1	-5.53458E-10
1.1	-5.27572E-10
1.2	-5.05868E-10
1.3	-4.85744E-10
1.4	-4.68152E-10
1.5	-4.51484E-10
1.6	-4.32182E-10
1.7	-4.17964E-10
1.8	-4.0135E-10
1.9	-3.86158E-10
2	-3.72518E-10
2.1	-3.608E-10
2.2	-3.4585E-10
2.3	-3.3597E-10
2.4	-3.26536E-10
2.5	-3.15232E-10
2.6	-3.05638E-10
2.7	-2.9508E-10
2.8	-2.86778E-10
2.9	-2.7784E-10
3	-2.6997E-10
3.1	-2.60852E-10
3.2	-2.5594E-10
3.3	-2.51036E-10
3.4	-2.41796E-10
3.5	-2.33254E-10
3.6	-2.26358E-10
3.7	-2.18644E-10
3.8	-2.1247E-10
3.9	-2.05888E-10
4	-1.9979E-10
4.1	-1.93998E-10
4.2	-1.90774E-10
4.3	-1.83444E-10
4.4	-1.78234E-10
4.5	-1.74342E-10
4.6	-1.68088E-10
4.7	-1.62978E-10
4.8	-1.60234E-10
4.9	-1.54124E-10
5	-1.49934E-10
5.1	-1.46142E-10
5.2	-1.41034E-10
5.3	-1.37414E-10
5.4	-1.33622E-10
5.5	-1.28954E-10
5.6	-1.26202E-10
5.7	-1.20928E-10
5.8	-1.17204E-10
5.9	-1.12764E-10
6	-1.09624E-10
6.1	-1.0473E-10
6.2	-1.0178E-10
6.3	-9.7124E-11
6.4	-9.4924E-11
6.5	-9.0848E-11
6.6	-8.6616E-11
6.7	-8.3132E-11
6.8	-8.1406E-11
6.9	-7.7266E-11
7	-7.4238E-11
7.1	-7.1542E-11
7.2	-6.8542E-11
7.3	-6.7196E-11
7.4	-6.1892E-11
7.5	-6.007E-11
7.6	-5.7518E-11
7.7	-5.5458E-11
7.8	-5.4254E-11
7.9	-4.9404E-11
8	-4.8056E-11
8.1	-4.4456E-11
8.2	-4.3026E-11
8.3	-3.7406E-11
8.4	-3.6258E-11
8.5	-3.5406E-11
8.6	-3.2456E-11
8.7	-2.87E-11
8.8	-2.598E-11
8.9	-2.5004E-11
9	-2.2542E-11
9.1	-2.1084E-11
9.2	-1.998E-11
9.3	-1.71E-11
9.4	-1.4504E-11
9.5	-1.4004E-11
9.6	-9.272E-12
9.7	-9.06E-12
9.8	-8.414E-12
9.9	-4.378E-12
10	-1.61E-12
10.1	5.92E-13
10.2	1.276E-12
10.3	3.648E-12
10.4	7.184E-12
10.5	7.282E-12
10.6	1.0292E-11
10.7	1.0092E-11
10.8	1.1652E-11
10.9	1.4882E-11
11	1.5276E-11
11.1	1.7402E-11
11.2	2.0098E-11
11.3	2.1496E-11
11.4	2.3358E-11
11.5	2.5624E-11
11.6	2.5666E-11
11.7	2.7758E-11
11.8	2.9854E-11
11.9	3.0892E-11
12	3.2976E-11
12.1	3.4724E-11
12.2	3.693E-11
12.3	3.7948E-11
12.4	3.9474E-11
12.5	4.2026E-11
12.6	4.3282E-11
12.7	4.4048E-11
12.8	4.6742E-11
12.9	4.792E-11
13	4.9224E-11
13.1	5.1152E-11
13.2	5.3E-11
13.3	5.4916E-11
13.4	5.7032E-11
13.5	5.8594E-11
13.6	5.9E-11
13.7	6.2158E-11
13.8	6.3116E-11
13.9	6.4128E-11
14	6.4208E-11
14.1	6.6896E-11
14.2	6.8242E-11
14.3	6.8936E-11
14.4	7.0302E-11
14.5	7.2056E-11
14.6	7.2842E-11
14.7	7.4684E-11
14.8	7.5514E-11
14.9	7.9038E-11
15	8.0504E-11
15.1	8.1672E-11
15.2	8.201E-11
15.3	8.4718E-11
15.4	8.6106E-11
15.5	8.8254E-11
15.6	8.89E-11
15.7	8.8416E-11
15.8	9.1278E-11
15.9	9.231E-11
16	9.218E-11
16.1	9.465E-11
16.2	9.4844E-11
16.3	9.6376E-11
16.4	9.7114E-11
16.5	9.85E-11
16.6	9.8978E-11
16.7	1.01328E-10
16.8	1.03396E-10
16.9	1.05146E-10
17	1.0661E-10
17.1	1.08332E-10
17.2	1.09304E-10
17.3	1.11654E-10
17.4	1.11592E-10
17.5	1.13898E-10
17.6	1.14778E-10
17.7	1.16596E-10
17.8	1.15884E-10
17.9	1.16806E-10
18	1.19774E-10
18.1	1.1958E-10
18.2	1.2173E-10
18.3	1.238E-10
18.4	1.24116E-10
18.5	1.26904E-10
18.6	1.28086E-10
18.7	1.29576E-10
18.8	1.31838E-10
18.9	1.3292E-10
19	1.33902E-10
19.1	1.3671E-10
19.2	1.37626E-10
19.3	1.38186E-10
19.4	1.3879E-10
19.5	1.41002E-10
19.6	1.42226E-10
19.7	1.43254E-10
19.8	1.46188E-10
19.9	1.49628E-10
20	1.50522E-10
20.1	1.53074E-10
20.2	1.55812E-10
20.3	1.57966E-10
20.4	1.59028E-10
20.5	1.60272E-10
20.6	1.64692E-10
20.7	1.66166E-10
20.8	1.67352E-10
20.9	1.65926E-10
21	1.68158E-10
21.1	1.68614E-10
21.2	1.66912E-10
21.3	1.69144E-10
21.4	1.71974E-10
21.5	1.72206E-10
21.6	1.74834E-10
21.7	1.74886E-10
21.8	1.75752E-10
21.9	1.77918E-10
22	1.7944E-10
22.1	1.80886E-10
22.2	1.8143E-10
22.3	1.84104E-10
22.4	1.84472E-10
22.5	1.85124E-10
22.6	1.85414E-10
22.7	1.87376E-10
22.8	1.89898E-10
22.9	1.91422E-10
23	1.9338E-10
23.1	1.96946E-10
23.2	1.97008E-10
23.3	2.01364E-10
23.4	2.0305E-10
23.5	2.03384E-10
23.6	2.06166E-10
23.7	2.05898E-10
23.8	2.06108E-10
23.9	2.07672E-10
24	2.0818E-10
24.1	2.0814E-10
24.2	2.09766E-10
24.3	2.10336E-10
24.4	2.11636E-10
24.5	2.1167E-10
24.6	2.14766E-10
24.7	2.15782E-10
24.8	2.16644E-10
24.9	2.1892E-10
25	2.1985E-10
25.1	2.202E-10
25.2	2.22902E-10
25.3	2.24468E-10
25.4	2.26074E-10
25.5	2.26932E-10
25.6	2.27984E-10
25.7	2.30074E-10
25.8	2.30814E-10
25.9	2.31604E-10
26	2.33928E-10
26.1	2.32942E-10
26.2	2.35404E-10
26.3	2.3585E-10
26.4	2.3841E-10
26.5	2.40964E-10
26.6	2.41058E-10
26.7	2.46066E-10
26.8	2.45556E-10
26.9	2.49226E-10
27	2.51538E-10
27.1	2.51836E-10
27.2	2.55022E-10
27.3	2.55466E-10
27.4	2.55822E-10
27.5	2.57538E-10
27.6	2.58522E-10
27.7	2.5971E-10
27.8	2.62068E-10
27.9	2.62398E-10
28	2.65728E-10
28.1	2.66226E-10
28.2	2.67812E-10
28.3	2.68304E-10
28.4	2.68176E-10
28.5	2.69008E-10
28.6	2.71058E-10
28.7	2.72562E-10
28.8	2.7477E-10
28.9	2.74288E-10
29	2.74192E-10
29.1	2.74116E-10
29.2	2.7583E-10
29.3	2.74756E-10
29.4	2.78874E-10
29.5	2.78168E-10
29.6	2.80078E-10
29.7	2.79224E-10
29.8	2.81146E-10
29.9	2.8564E-10
30	2.84536E-10
30.1	2.86636E-10
30.2	2.86332E-10
30.3	2.88786E-10
30.4	2.89522E-10
30.5	2.91644E-10
30.6	2.93532E-10
30.7	2.9614E-10
30.8	2.96242E-10
30.9	2.99116E-10
31	2.933E-10
31.1	2.95046E-10
31.2	2.97054E-10
31.3	2.95852E-10
31.4	2.99882E-10
31.5	3.0057E-10
31.6	3.00164E-10
31.7	3.01288E-10
31.8	3.02836E-10
31.9	3.06856E-10
32	3.09142E-10
32.1	3.13468E-10
32.2	3.12144E-10
32.3	3.17246E-10
32.4	3.1735E-10
32.5	3.18358E-10
32.6	3.19102E-10
32.7	3.17292E-10
32.8	3.18796E-10
32.9	3.20744E-10
33	3.1996E-10
33.1	3.20836E-10
33.2	3.23816E-10
33.3	3.22004E-10
33.4	3.2765E-10
33.5	3.2537E-10
33.6	3.28266E-10
33.7	3.27928E-10
33.8	3.29968E-10
33.9	3.28644E-10
34	3.3015E-10
34.1	3.33058E-10
34.2	3.32816E-10
34.3	3.34118E-10
34.4	3.34056E-10
34.5	3.36842E-10
34.6	3.35388E-10
34.7	3.39554E-10
34.8	3.408E-10
34.9	3.41454E-10
35	3.4436E-10
35.1	3.45538E-10
35.2	3.48332E-10
35.3	3.49048E-10
35.4	3.49674E-10
35.5	3.51516E-10
35.6	3.51366E-10
35.7	3.52344E-10
35.8	3.52116E-10
35.9	3.56056E-10
36	3.57242E-10
36.1	3.54544E-10
36.2	3.59386E-10
36.3	3.57966E-10
36.4	3.58064E-10
36.5	3.62048E-10
36.6	3.60786E-10
36.7	3.64606E-10
36.8	3.6484E-10
36.9	3.68648E-10
37	3.6912E-10
37.1	3.71674E-10
37.2	3.70658E-10
37.3	3.7226E-10
37.4	3.7331E-10
37.5	3.73772E-10
37.6	3.72504E-10
37.7	3.73234E-10
37.8	3.7261E-10
37.9	3.71158E-10
38	3.74894E-10
38.1	3.73688E-10
38.2	3.78326E-10
38.3	3.7997E-10
38.4	3.80796E-10
38.5	3.82612E-10
38.6	3.84212E-10
38.7	3.88706E-10
38.8	3.90334E-10
38.9	3.88414E-10
39	3.91084E-10
39.1	3.9254E-10
39.2	3.9288E-10
39.3	3.89634E-10
39.4	3.93174E-10
39.5	3.95544E-10
39.6	3.96874E-10
39.7	3.95978E-10
39.8	3.97474E-10
39.9	3.9736E-10
40	4.00232E-10
40.1	3.99534E-10
40.2	4.04338E-10
40.3	4.03774E-10
40.4	4.06592E-10
40.5	4.06506E-10
40.6	4.0854E-10
40.7	4.0959E-10
40.8	4.13782E-10
40.9	4.14278E-10
41	4.1292E-10
41.1	4.15308E-10
41.2	4.15438E-10
41.3	4.17724E-10
41.4	4.19448E-10
41.5	4.18716E-10
41.6	4.2372E-10
41.7	4.23082E-10
41.8	4.24382E-10
41.9	4.2505E-10
42	4.26186E-10
42.1	4.29268E-10
42.2	4.29268E-10
42.3	4.31832E-10
42.4	4.3122E-10
42.5	4.31766E-10
42.6	4.34788E-10
42.7	4.35104E-10
42.8	4.35802E-10
42.9	4.36666E-10
43	4.35802E-10
43.1	4.38266E-10
43.2	4.39244E-10
43.3	4.39574E-10
43.4	4.43802E-10
43.5	4.45174E-10
43.6	4.4234E-10
43.7	4.46312E-10
43.8	4.50682E-10
43.9	4.50206E-10
44	4.53392E-10
44.1	4.51244E-10
44.2	4.51894E-10
44.3	4.5248E-10
44.4	4.53882E-10
44.5	4.56298E-10
44.6	4.54468E-10
44.7	4.54874E-10
44.8	4.5871E-10
44.9	4.55896E-10
45	4.55858E-10
45.1	4.60098E-10
45.2	4.61752E-10
45.3	4.62168E-10
45.4	4.65638E-10
45.5	4.67404E-10
45.6	4.69026E-10
45.7	4.69708E-10
45.8	4.71114E-10
45.9	4.74322E-10
46	4.7497E-10
46.1	4.74986E-10
46.2	4.74254E-10
46.3	4.75504E-10
46.4	4.75554E-10
46.5	4.76558E-10
46.6	4.8025E-10
46.7	4.82704E-10
46.8	4.85452E-10
46.9	4.85942E-10
47	4.84156E-10
47.1	4.8899E-10
47.2	4.88648E-10
47.3	4.91176E-10
47.4	4.92794E-10
47.5	4.94184E-10
47.6	4.96176E-10
47.7	4.95762E-10
47.8	4.97284E-10
47.9	4.9839E-10
48	4.99124E-10
48.1	4.96066E-10
48.2	4.9814E-10
48.3	4.98682E-10
48.4	5.00674E-10
48.5	5.0463E-10
48.6	5.04042E-10
48.7	5.05668E-10
48.8	5.10386E-10
48.9	5.06364E-10
49	5.1039E-10
49.1	5.10376E-10
49.2	5.10224E-10
49.3	5.12802E-10
49.4	5.10918E-10
49.5	5.09794E-10
49.6	5.09328E-10
49.7	5.11062E-10
49.8	5.1272E-10
49.9	5.14178E-10
50	5.17374E-10
50.1	5.18168E-10
50.2	5.19874E-10
50.3	5.2449E-10
50.4	5.254E-10
50.5	5.25932E-10
50.6	5.28564E-10
50.7	5.31966E-10
50.8	5.32596E-10
50.9	5.36012E-10
51	5.3579E-10
51.1	5.36906E-10
51.2	5.3663E-10
51.3	5.34798E-10
51.4	5.37864E-10
51.5	5.34502E-10
51.6	5.3833E-10
51.7	5.34782E-10
51.8	5.38014E-10
51.9	5.3734E-10
52	5.41236E-10
52.1	5.43304E-10
52.2	5.45942E-10
52.3	5.44102E-10
52.4	5.4523E-10
52.5	5.49938E-10
52.6	5.4907E-10
52.7	5.50456E-10
52.8	5.50512E-10
52.9	5.51738E-10
53	5.51678E-10
53.1	5.50578E-10
53.2	5.51898E-10
53.3	5.50216E-10
53.4	5.53348E-10
53.5	5.57342E-10
53.6	5.5898E-10
53.7	5.60714E-10
53.8	5.6233E-10
53.9	5.62738E-10
54	5.64942E-10
54.1	5.6311E-10
54.2	5.67558E-10
54.3	5.66948E-10
54.4	5.70732E-10
54.5	5.68044E-10
54.6	5.70852E-10
54.7	5.71014E-10
54.8	5.71074E-10
54.9	5.7294E-10
55	5.7437E-10
55.1	5.78872E-10
55.2	5.79404E-10
55.3	5.81976E-10
55.4	5.84328E-10
55.5	5.8667E-10
55.6	5.85542E-10
55.7	5.90466E-10
55.8	5.88422E-10
55.9	5.9346E-10
56	5.93812E-10
56.1	5.9544E-10
56.2	5.91332E-10
56.3	5.9263E-10
56.4	5.92728E-10
56.5	5.94378E-10
56.6	5.93568E-10
56.7	5.92184E-10
56.8	5.96034E-10
56.9	5.97396E-10
57	6.01484E-10
57.1	6.00198E-10
57.2	6.05052E-10
57.3	6.0629E-10
57.4	6.08682E-10
57.5	6.06068E-10
57.6	6.09026E-10
57.7	6.07014E-10
57.8	6.10812E-10
57.9	6.09298E-10
58	6.08114E-10
58.1	6.10232E-10
58.2	6.0894E-10
58.3	6.07454E-10
58.4	6.08756E-10
58.5	6.07976E-10
58.6	6.08958E-10
58.7	6.13562E-10
58.8	6.17E-10
58.9	6.19634E-10
59	6.15598E-10
59.1	6.15698E-10
59.2	6.20768E-10
59.3	6.21892E-10
59.4	6.26536E-10
59.5	6.23776E-10
59.6	6.25768E-10
59.7	6.25292E-10
59.8	6.26458E-10
59.9	6.28812E-10
60	6.27014E-10
60.1	6.25742E-10
60.2	6.2893E-10
60.3	6.30108E-10
60.4	6.32002E-10
60.5	6.3231E-10
60.6	6.33518E-10
60.7	6.38432E-10
60.8	6.39688E-10
60.9	6.39852E-10
61	6.43256E-10
61.1	6.42792E-10
61.2	6.46826E-10
61.3	6.4293E-10
61.4	6.42012E-10
61.5	6.4602E-10
61.6	6.45896E-10
61.7	6.48836E-10
61.8	6.49864E-10
61.9	6.48054E-10
62	6.51864E-10
62.1	6.52986E-10
62.2	6.56032E-10
62.3	6.5703E-10
62.4	6.59406E-10
62.5	6.57526E-10
62.6	6.60928E-10
62.7	6.63852E-10
62.8	6.65678E-10
62.9	6.61504E-10
63	6.60256E-10
63.1	6.5925E-10
63.2	6.59754E-10
63.3	6.6136E-10
63.4	6.59592E-10
63.5	6.61756E-10
63.6	6.63154E-10
63.7	6.6412E-10
63.8	6.66012E-10
63.9	6.66368E-10
64	6.72044E-10
64.1	6.70812E-10
64.2	6.7256E-10
64.3	6.73964E-10
64.4	6.76896E-10
64.5	6.78326E-10
64.6	6.8193E-10
64.7	6.80744E-10
64.8	6.83056E-10
64.9	6.85364E-10
65	6.83446E-10
65.1	6.85116E-10
65.2	6.8507E-10
65.3	6.83312E-10
65.4	6.85132E-10
65.5	6.83606E-10
65.6	6.86676E-10
65.7	6.85508E-10
65.8	6.88E-10
65.9	6.90898E-10
66	6.90338E-10
66.1	6.94208E-10
66.2	6.94544E-10
66.3	6.9618E-10
66.4	6.9844E-10
66.5	6.97142E-10
66.6	7.02232E-10
66.7	7.01032E-10
66.8	7.02948E-10
66.9	7.02688E-10
67	7.05868E-10
67.1	7.05488E-10
67.2	7.07824E-10
67.3	7.05158E-10
67.4	7.07912E-10
67.5	7.06474E-10
67.6	7.07468E-10
67.7	7.10298E-10
67.8	7.0999E-10
67.9	7.14148E-10
68	7.13904E-10
68.1	7.18732E-10
68.2	7.19762E-10
68.3	7.20616E-10
68.4	7.19372E-10
68.5	7.195E-10
68.6	7.2692E-10
68.7	7.26586E-10
68.8	7.2456E-10
68.9	7.24578E-10
69	7.26212E-10
69.1	7.2797E-10
69.2	7.26192E-10
69.3	7.29994E-10
69.4	7.33976E-10
69.5	7.3905E-10
69.6	7.39684E-10
69.7	7.45242E-10
69.8	7.44646E-10
69.9	7.44462E-10
70	7.47484E-10
70.1	7.50242E-10
70.2	7.48982E-10
70.3	7.5191E-10
70.4	7.53364E-10
70.5	7.49482E-10
70.6	7.49386E-10
70.7	7.49256E-10
70.8	7.5013E-10
70.9	7.53098E-10
71	7.5237E-10
71.1	7.5659E-10
71.2	7.5514E-10
71.3	7.62094E-10
71.4	7.56582E-10
71.5	7.68974E-10
71.6	7.64716E-10
71.7	7.67078E-10
71.8	7.66864E-10
71.9	7.66736E-10
72	7.65218E-10
72.1	7.69922E-10
72.2	7.66974E-10
72.3	7.67664E-10
72.4	7.6801E-10
72.5	7.69046E-10
72.6	7.67668E-10
72.7	7.71294E-10
72.8	7.70886E-10
72.9	7.74994E-10
73	7.73512E-10
73.1	7.75696E-10
73.2	7.77318E-10
73.3	7.80188E-10
73.4	7.82464E-10
73.5	7.85714E-10
73.6	7.84734E-10
73.7	7.85282E-10
73.8	7.90236E-10
73.9	7.89184E-10
74	7.9356E-10
74.1	7.8978E-10
74.2	7.92404E-10
74.3	7.92094E-10
74.4	7.94844E-10
74.5	7.92854E-10
74.6	7.99232E-10
74.7	8.0051E-10
74.8	8.0455E-10
74.9	8.0337E-10
75	8.04314E-10
75.1	8.06232E-10
75.2	8.11188E-10
75.3	8.07064E-10
75.4	8.09996E-10
75.5	8.0841E-10
75.6	8.09356E-10
75.7	8.11434E-10
75.8	8.1216E-10
75.9	8.12198E-10
76	8.14628E-10
76.1	8.13758E-10
76.2	8.12516E-10
76.3	8.12964E-10
76.4	8.1764E-10
76.5	8.1848E-10
76.6	8.20014E-10
76.7	8.1993E-10
76.8	8.17218E-10
76.9	8.22274E-10
77	8.25306E-10
77.1	8.23644E-10
77.2	8.25442E-10
77.3	8.24834E-10
77.4	8.25952E-10
77.5	8.2623E-10
77.6	8.24292E-10
77.7	8.25354E-10
77.8	8.21874E-10
77.9	8.25234E-10
78	8.2702E-10
78.1	8.25228E-10
78.2	8.284E-10
78.3	8.29046E-10
78.4	8.33862E-10
78.5	8.34674E-10
78.6	8.33256E-10
78.7	8.3702E-10
78.8	8.36104E-10
78.9	8.42392E-10
79	8.45714E-10
79.1	8.50336E-10
79.2	8.4996E-10
79.3	8.51548E-10
79.4	8.4939E-10
79.5	8.35798E-10
79.6	8.4187E-10
79.7	8.43984E-10
79.8	8.4514E-10
79.9	8.38744E-10
80	8.4559E-10
80.1	8.52958E-10
80.2	8.41464E-10
80.3	8.44868E-10
80.4	8.54746E-10
80.5	8.49928E-10
80.6	8.44312E-10
80.7	8.51198E-10
80.8	8.54244E-10
80.9	8.54428E-10
81	8.56446E-10
81.1	8.53856E-10
81.2	8.59118E-10
81.3	8.64478E-10
81.4	8.62748E-10
81.5	8.55968E-10
81.6	8.65068E-10
81.7	8.64148E-10
81.8	8.61394E-10
81.9	8.68214E-10
82	8.70904E-10
82.1	8.66676E-10
82.2	8.64184E-10
82.3	8.71796E-10
82.4	8.70956E-10
82.5	8.72754E-10
82.6	8.70978E-10
82.7	8.76312E-10
82.8	8.76846E-10
82.9	8.71814E-10
83	8.6782E-10
83.1	8.72712E-10
83.2	8.8194E-10
83.3	8.75978E-10
83.4	8.72268E-10
83.5	8.73538E-10
83.6	8.86722E-10
83.7	8.81068E-10
83.8	8.78598E-10
83.9	8.88634E-10
84	8.8695E-10
84.1	8.82944E-10
84.2	8.92432E-10
84.3	8.9783E-10
84.4	8.94258E-10
84.5	8.95458E-10
84.6	9.04502E-10
84.7	9.0206E-10
84.8	8.9239E-10
84.9	8.9729E-10
85	8.99298E-10
85.1	9.00946E-10
85.2	9.03782E-10
85.3	8.96576E-10
85.4	8.95724E-10
85.5	9.09468E-10
85.6	9.08744E-10
85.7	8.99758E-10
85.8	9.02806E-10
85.9	9.10998E-10
86	9.0868E-10
86.1	9.10542E-10
86.2	9.07344E-10
86.3	9.10388E-10
86.4	9.08696E-10
86.5	9.1288E-10
86.6	9.1627E-10
86.7	9.12664E-10
86.8	9.1048E-10
86.9	9.16486E-10
87	9.20674E-10
87.1	9.25E-10
87.2	9.22984E-10
87.3	9.1785E-10
87.4	9.28922E-10
87.5	9.30732E-10
87.6	9.24572E-10
87.7	9.1922E-10
87.8	9.31366E-10
87.9	9.29466E-10
88	9.26522E-10
88.1	9.30142E-10
88.2	9.34724E-10
88.3	9.32772E-10
88.4	9.28202E-10
88.5	9.35584E-10
88.6	9.42356E-10
88.7	9.35896E-10
88.8	9.34016E-10
88.9	9.40348E-10
89	9.3638E-10
89.1	9.40226E-10
89.2	9.4262E-10
89.3	9.36214E-10
89.4	9.46734E-10
89.5	9.52358E-10
89.6	9.45364E-10
89.7	9.46736E-10
89.8	9.51616E-10
89.9	9.58742E-10
90	9.56522E-10
90.1	9.46836E-10
90.2	9.59228E-10
90.3	9.62626E-10
90.4	9.51782E-10
90.5	9.4921E-10
90.6	9.5925E-10
90.7	9.6174E-10
90.8	9.6351E-10
90.9	9.5759E-10
91	9.5959E-10
91.1	9.62496E-10
91.2	9.59366E-10
91.3	9.59708E-10
91.4	9.69294E-10
91.5	9.68584E-10
91.6	9.72202E-10
91.7	9.6547E-10
91.8	9.6694E-10
91.9	9.78654E-10
92	9.7628E-10
92.1	9.82004E-10
92.2	9.8164E-10
92.3	9.7792E-10
92.4	9.9097E-10
92.5	9.8266E-10
92.6	9.83778E-10
92.7	9.7738E-10
92.8	9.9274E-10
92.9	9.82804E-10
93	9.8928E-10
93.1	9.93458E-10
93.2	9.9252E-10
93.3	9.99014E-10
93.4	9.9124E-10
93.5	1.00048E-09
93.6	1.00284E-09
93.7	1.0015E-09
93.8	1.00168E-09
93.9	1.00348E-09
94	1.00296E-09
94.1	9.9484E-10
94.2	9.993E-10
94.3	1.01056E-09
94.4	1.00564E-09
94.5	1.01084E-09
94.6	1.00768E-09
94.7	1.01662E-09
94.8	1.0233E-09
94.9	1.01814E-09
95	1.01968E-09
95.1	1.01716E-09
95.2	1.0219E-09
95.3	1.02264E-09
95.4	1.0167E-09
95.5	1.01832E-09
95.6	1.02438E-09
95.7	1.0286E-09
95.8	1.03544E-09
95.9	1.04204E-09
96	1.04404E-09
96.1	1.03864E-09
96.2	1.03736E-09
96.3	1.02738E-09
96.4	1.02854E-09
96.5	1.0344E-09
96.6	1.0417E-09
96.7	1.04918E-09
96.8	1.04358E-09
96.9	1.04816E-09
97	1.04568E-09
97.1	1.0407E-09
97.2	1.04872E-09
97.3	1.04378E-09
97.4	1.0514E-09
97.5	1.05088E-09
97.6	1.05068E-09
97.7	1.05922E-09
97.8	1.05878E-09
97.9	1.059E-09
98	1.05496E-09
98.1	1.0575E-09
98.2	1.05766E-09
98.3	1.06588E-09
98.4	1.06068E-09
98.5	1.06562E-09
98.6	1.06928E-09
98.7	1.0689E-09
98.8	1.07082E-09
98.9	1.06922E-09
99	1.07378E-09
99.1	1.07876E-09
99.2	1.06808E-09
99.3	1.06984E-09
99.4	1.07534E-09
99.5	1.07256E-09
99.6	1.0771E-09
99.7	1.08032E-09
99.8	1.0816E-09
99.9	1.0913E-09
100	1.08432E-09
